{ :name "Attack_3" :length 0.6 :bones { 
	"Armature" [
		[0 [1.000 0.000 0.000 0.000 0.000 1.000 0.000 0.000 0.000 0.000 1.000 0.000 0.000 0.000 0.000 1.000]]
	]
	"Skelet" [
		[0 [1.000 0.000 0.000 0.000 0.000 1.000 0.000 0.000 0.000 0.000 1.000 0.000 0.000 0.000 0.000 1.000]]
	]
	"Bedro_L" [
		[0 [0.962 0.268 0.050 0.000 -0.272 0.952 0.138 0.000 -0.011 -0.147 0.989 0.000 0.000 0.000 0.000 1.000]]
	]
	"Koleno_L" [
		[0 [1.000 0.018 -0.014 0.000 -0.020 0.987 -0.158 0.000 0.011 0.158 0.987 0.000 0.001 0.000 -0.001 1.000]]
	]
	"Koleno_L_end" [
		[0 [1.000 0.018 -0.014 0.000 -0.020 0.987 -0.158 0.000 0.011 0.158 0.987 0.000 0.001 0.000 -0.002 1.000]]
	]
	"Bedro_P" [
		[0 [0.674 0.269 0.688 0.000 -0.027 0.939 -0.342 0.000 -0.738 0.212 0.640 0.000 0.000 0.000 0.000 1.000]]
	]
	"Koleno_P" [
		[0 [0.632 0.055 0.773 0.000 -0.121 0.992 0.029 0.000 -0.765 -0.112 0.634 0.000 0.000 0.000 0.002 1.000]]
	]
	"Koleno_P_end" [
		[0 [0.632 0.055 0.773 0.000 -0.121 0.992 0.029 0.000 -0.765 -0.112 0.634 0.000 -0.001 0.000 0.002 1.000]]
	]
	"Tors" [
		[0 [1.000 0.000 0.000 0.000 0.000 0.940 -0.342 0.000 0.000 0.342 0.940 0.000 0.000 0.000 0.000 1.000]]
		[0.02777778 [0.994 0.000 0.105 0.000 0.036 0.940 -0.340 0.000 -0.099 0.342 0.934 0.000 0.000 0.000 0.000 1.000]]
		[0.05555556 [0.973 0.000 0.231 0.000 0.079 0.940 -0.333 0.000 -0.217 0.342 0.914 0.000 0.000 0.000 0.000 1.000]]
		[0.08333334 [0.936 0.000 0.352 0.000 0.120 0.940 -0.320 0.000 -0.331 0.342 0.879 0.000 0.000 0.000 0.000 1.000]]
		[0.1111111 [0.894 0.000 0.449 0.000 0.154 0.940 -0.306 0.000 -0.422 0.342 0.840 0.000 0.000 0.000 0.000 1.000]]
		[0.1388889 [0.864 0.000 0.503 0.000 0.172 0.940 -0.296 0.000 -0.473 0.342 0.812 0.000 0.000 0.000 0.000 1.000]]
		[0.1666667 [0.866 0.000 0.500 0.000 0.171 0.940 -0.296 0.000 -0.470 0.342 0.814 0.000 0.000 0.000 0.000 1.000]]
		[0.1944444 [0.907 0.000 0.422 0.000 0.144 0.940 -0.310 0.000 -0.397 0.342 0.852 0.000 0.000 0.000 0.000 1.000]]
		[0.2222222 [0.962 0.000 0.274 0.000 0.094 0.940 -0.329 0.000 -0.258 0.342 0.904 0.000 0.000 0.000 0.000 1.000]]
		[0.25 [0.997 0.000 0.076 0.000 0.026 0.940 -0.341 0.000 -0.072 0.342 0.937 0.000 0.000 0.000 0.000 1.000]]
		[0.2777778 [0.990 0.000 -0.142 0.000 -0.049 0.940 -0.339 0.000 0.133 0.342 0.930 0.000 0.000 0.000 0.000 1.000]]
		[0.3055556 [0.939 0.000 -0.344 0.000 -0.118 0.940 -0.321 0.000 0.323 0.342 0.882 0.000 0.000 0.000 0.000 1.000]]
		[0.3333333 [0.866 0.000 -0.500 0.000 -0.171 0.940 -0.296 0.000 0.470 0.342 0.814 0.000 0.000 0.000 0.000 1.000]]
		[0.3611111 [0.777 0.000 -0.629 0.000 -0.215 0.940 -0.266 0.000 0.591 0.342 0.730 0.000 0.000 0.000 0.000 1.000]]
		[0.3888889 [0.684 0.000 -0.730 0.000 -0.250 0.940 -0.234 0.000 0.686 0.342 0.643 0.000 0.000 0.000 0.000 1.000]]
		[0.4166667 [0.643 0.000 -0.766 0.000 -0.262 0.940 -0.220 0.000 0.720 0.342 0.604 0.000 0.000 0.000 0.000 1.000]]
		[0.4444444 [0.675 0.000 -0.738 0.000 -0.252 0.940 -0.231 0.000 0.693 0.342 0.634 0.000 0.000 0.000 0.000 1.000]]
		[0.4722222 [0.746 0.000 -0.666 0.000 -0.228 0.940 -0.255 0.000 0.626 0.342 0.701 0.000 0.000 0.000 0.000 1.000]]
		[0.5 [0.833 0.000 -0.554 0.000 -0.189 0.940 -0.285 0.000 0.520 0.342 0.782 0.000 0.000 0.000 0.000 1.000]]
		[0.5277778 [0.913 0.000 -0.409 0.000 -0.140 0.940 -0.312 0.000 0.384 0.342 0.858 0.000 0.000 0.000 0.000 1.000]]
		[0.5555556 [0.969 0.000 -0.246 0.000 -0.084 0.940 -0.332 0.000 0.231 0.342 0.911 0.000 0.000 0.000 0.000 1.000]]
		[0.5833333 [0.996 0.000 -0.085 0.000 -0.029 0.940 -0.341 0.000 0.080 0.342 0.936 0.000 0.000 0.000 0.000 1.000]]
		[0.6111111 [1.000 0.000 0.000 0.000 0.000 0.940 -0.342 0.000 0.000 0.342 0.940 0.000 0.000 0.000 0.000 1.000]]
		[0.6388889 [1.000 0.000 0.000 0.000 0.000 0.940 -0.342 0.000 0.000 0.342 0.940 0.000 0.000 0.000 0.000 1.000]]
		[0.6666667 [1.000 0.000 0.000 0.000 0.000 0.940 -0.342 0.000 0.000 0.342 0.940 0.000 0.000 0.000 0.000 1.000]]
		[0.6944444 [1.000 0.000 0.000 0.000 0.000 0.940 -0.342 0.000 0.000 0.342 0.940 0.000 0.000 0.000 0.000 1.000]]
		[0.7222222 [1.000 0.000 0.000 0.000 0.000 0.940 -0.342 0.000 0.000 0.342 0.940 0.000 0.000 0.000 0.000 1.000]]
		[0.75 [1.000 0.000 0.000 0.000 0.000 0.940 -0.342 0.000 0.000 0.342 0.940 0.000 0.000 0.000 0.000 1.000]]
		[0.7777778 [1.000 0.000 0.000 0.000 0.000 0.940 -0.342 0.000 0.000 0.342 0.940 0.000 0.000 0.000 0.000 1.000]]
		[0.8055556 [1.000 0.000 0.000 0.000 0.000 0.940 -0.342 0.000 0.000 0.342 0.940 0.000 0.000 0.000 0.000 1.000]]
		[0.8333333 [1.000 0.000 0.000 0.000 0.000 0.940 -0.342 0.000 0.000 0.342 0.940 0.000 0.000 0.000 0.000 1.000]]
		[0.8611111 [1.000 0.000 0.000 0.000 0.000 0.940 -0.342 0.000 0.000 0.342 0.940 0.000 0.000 0.000 0.000 1.000]]
		[0.8888889 [1.000 0.000 0.000 0.000 0.000 0.940 -0.342 0.000 0.000 0.342 0.940 0.000 0.000 0.000 0.000 1.000]]
		[0.9166667 [1.000 0.000 0.000 0.000 0.000 0.940 -0.342 0.000 0.000 0.342 0.940 0.000 0.000 0.000 0.000 1.000]]
		[0.9444444 [1.000 0.000 0.000 0.000 0.000 0.940 -0.342 0.000 0.000 0.342 0.940 0.000 0.000 0.000 0.000 1.000]]
		[0.9722222 [1.000 0.000 0.000 0.000 0.000 0.940 -0.342 0.000 0.000 0.342 0.940 0.000 0.000 0.000 0.000 1.000]]
	]
	"Golova" [
		[0 [1.000 0.000 0.000 0.000 0.000 1.000 0.000 0.000 0.000 0.000 1.000 0.000 0.000 -0.001 -0.002 1.000]]
		[0.02777778 [1.000 -0.001 0.006 0.000 0.001 1.000 0.002 0.000 -0.006 -0.002 1.000 0.000 0.000 -0.001 -0.002 1.000]]
		[0.05555556 [1.000 -0.001 0.014 0.000 0.001 1.000 0.009 0.000 -0.014 -0.009 1.000 0.000 0.000 -0.001 -0.002 1.000]]
		[0.08333334 [1.000 -0.001 0.023 0.000 0.000 1.000 0.021 0.000 -0.023 -0.021 1.000 0.000 0.001 -0.001 -0.002 1.000]]
		[0.1111111 [1.000 0.001 0.030 0.000 -0.002 0.999 0.034 0.000 -0.030 -0.034 0.999 0.000 0.001 -0.001 -0.002 1.000]]
		[0.1388889 [0.999 0.003 0.034 0.000 -0.004 0.999 0.044 0.000 -0.034 -0.044 0.998 0.000 0.001 -0.001 -0.002 1.000]]
		[0.1666667 [0.999 0.003 0.034 0.000 -0.004 0.999 0.043 0.000 -0.034 -0.043 0.998 0.000 0.001 -0.001 -0.002 1.000]]
		[0.1944444 [0.999 0.000 0.035 0.000 -0.001 1.000 0.029 0.000 -0.035 -0.029 0.999 0.000 0.001 -0.001 -0.002 1.000]]
		[0.2222222 [0.999 -0.001 0.041 0.000 0.001 1.000 0.010 0.000 -0.041 -0.010 0.999 0.000 0.001 -0.001 -0.002 1.000]]
		[0.25 [0.999 0.000 0.046 0.000 0.000 1.000 0.000 0.000 -0.046 0.000 0.999 0.000 0.000 -0.001 -0.002 1.000]]
		[0.2777778 [0.999 0.001 0.040 0.000 -0.002 1.000 0.006 0.000 -0.040 -0.006 0.999 0.000 0.000 -0.001 -0.002 1.000]]
		[0.3055556 [1.000 0.000 0.016 0.000 -0.001 1.000 0.024 0.000 -0.016 -0.024 1.000 0.000 -0.001 -0.001 -0.002 1.000]]
		[0.3333333 [0.999 -0.003 -0.034 0.000 0.004 0.999 0.043 0.000 0.034 -0.043 0.998 0.000 -0.001 -0.001 -0.002 1.000]]
		[0.3611111 [0.989 -0.004 -0.147 0.000 0.012 0.999 0.050 0.000 0.146 -0.051 0.988 0.000 -0.001 -0.001 -0.002 1.000]]
		[0.3888889 [0.957 -0.004 -0.290 0.000 0.018 0.999 0.046 0.000 0.289 -0.049 0.956 0.000 -0.001 -0.001 -0.001 1.000]]
		[0.4166667 [0.927 -0.003 -0.374 0.000 0.018 0.999 0.039 0.000 0.373 -0.043 0.927 0.000 -0.002 -0.001 -0.001 1.000]]
		[0.4444444 [0.926 -0.001 -0.378 0.000 0.014 0.999 0.032 0.000 0.378 -0.035 0.925 0.000 -0.002 -0.001 -0.001 1.000]]
		[0.4722222 [0.939 0.000 -0.344 0.000 0.009 1.000 0.024 0.000 0.344 -0.026 0.939 0.000 -0.001 -0.001 -0.002 1.000]]
		[0.5 [0.959 0.001 -0.282 0.000 0.004 1.000 0.016 0.000 0.282 -0.016 0.959 0.000 -0.001 -0.001 -0.002 1.000]]
		[0.5277778 [0.979 0.001 -0.203 0.000 0.000 1.000 0.009 0.000 0.203 -0.009 0.979 0.000 -0.001 -0.001 -0.002 1.000]]
		[0.5555556 [0.993 0.001 -0.118 0.000 -0.001 1.000 0.003 0.000 0.118 -0.003 0.993 0.000 -0.001 -0.001 -0.002 1.000]]
		[0.5833333 [0.999 0.000 -0.039 0.000 0.000 1.000 0.000 0.000 0.039 0.000 0.999 0.000 0.000 -0.001 -0.002 1.000]]
		[0.6111111 [1.000 0.000 0.000 0.000 0.000 1.000 0.000 0.000 0.000 0.000 1.000 0.000 0.000 -0.001 -0.002 1.000]]
		[0.6388889 [1.000 0.000 0.000 0.000 0.000 1.000 0.000 0.000 0.000 0.000 1.000 0.000 0.000 -0.001 -0.002 1.000]]
		[0.6666667 [1.000 0.000 0.000 0.000 0.000 1.000 0.000 0.000 0.000 0.000 1.000 0.000 0.000 -0.001 -0.002 1.000]]
		[0.6944444 [1.000 0.000 0.000 0.000 0.000 1.000 0.000 0.000 0.000 0.000 1.000 0.000 0.000 -0.001 -0.002 1.000]]
		[0.7222222 [1.000 0.000 0.000 0.000 0.000 1.000 0.000 0.000 0.000 0.000 1.000 0.000 0.000 -0.001 -0.002 1.000]]
		[0.75 [1.000 0.000 0.000 0.000 0.000 1.000 0.000 0.000 0.000 0.000 1.000 0.000 0.000 -0.001 -0.002 1.000]]
		[0.7777778 [1.000 0.000 0.000 0.000 0.000 1.000 0.000 0.000 0.000 0.000 1.000 0.000 0.000 -0.001 -0.002 1.000]]
		[0.8055556 [1.000 0.000 0.000 0.000 0.000 1.000 0.000 0.000 0.000 0.000 1.000 0.000 0.000 -0.001 -0.002 1.000]]
		[0.8333333 [1.000 0.000 0.000 0.000 0.000 1.000 0.000 0.000 0.000 0.000 1.000 0.000 0.000 -0.001 -0.002 1.000]]
		[0.8611111 [1.000 0.000 0.000 0.000 0.000 1.000 0.000 0.000 0.000 0.000 1.000 0.000 0.000 -0.001 -0.002 1.000]]
		[0.8888889 [1.000 0.000 0.000 0.000 0.000 1.000 0.000 0.000 0.000 0.000 1.000 0.000 0.000 -0.001 -0.002 1.000]]
		[0.9166667 [1.000 0.000 0.000 0.000 0.000 1.000 0.000 0.000 0.000 0.000 1.000 0.000 0.000 -0.001 -0.002 1.000]]
		[0.9444444 [1.000 0.000 0.000 0.000 0.000 1.000 0.000 0.000 0.000 0.000 1.000 0.000 0.000 -0.001 -0.002 1.000]]
		[0.9722222 [1.000 0.000 0.000 0.000 0.000 1.000 0.000 0.000 0.000 0.000 1.000 0.000 0.000 -0.001 -0.002 1.000]]
	]
	"Golova_end" [
		[0 [1.000 0.000 0.000 0.000 0.000 1.000 0.000 0.000 0.000 0.000 1.000 0.000 0.000 -0.001 -0.002 1.000]]
		[0.02777778 [1.000 -0.001 0.006 0.000 0.001 1.000 0.002 0.000 -0.006 -0.002 1.000 0.000 0.000 -0.001 -0.002 1.000]]
		[0.05555556 [1.000 -0.001 0.014 0.000 0.001 1.000 0.009 0.000 -0.014 -0.009 1.000 0.000 0.000 -0.001 -0.002 1.000]]
		[0.08333334 [1.000 -0.001 0.023 0.000 0.000 1.000 0.021 0.000 -0.023 -0.021 1.000 0.000 0.001 -0.001 -0.002 1.000]]
		[0.1111111 [1.000 0.001 0.030 0.000 -0.002 0.999 0.034 0.000 -0.030 -0.034 0.999 0.000 0.001 -0.001 -0.002 1.000]]
		[0.1388889 [0.999 0.003 0.034 0.000 -0.004 0.999 0.044 0.000 -0.034 -0.044 0.998 0.000 0.001 -0.001 -0.002 1.000]]
		[0.1666667 [0.999 0.003 0.034 0.000 -0.004 0.999 0.043 0.000 -0.034 -0.043 0.998 0.000 0.001 -0.001 -0.002 1.000]]
		[0.1944444 [0.999 0.000 0.035 0.000 -0.001 1.000 0.029 0.000 -0.035 -0.029 0.999 0.000 0.001 -0.001 -0.002 1.000]]
		[0.2222222 [0.999 -0.001 0.041 0.000 0.001 1.000 0.010 0.000 -0.041 -0.010 0.999 0.000 0.001 -0.001 -0.002 1.000]]
		[0.25 [0.999 0.000 0.046 0.000 0.000 1.000 0.000 0.000 -0.046 0.000 0.999 0.000 0.000 -0.001 -0.002 1.000]]
		[0.2777778 [0.999 0.001 0.040 0.000 -0.002 1.000 0.006 0.000 -0.040 -0.006 0.999 0.000 0.000 -0.001 -0.002 1.000]]
		[0.3055556 [1.000 0.000 0.016 0.000 -0.001 1.000 0.024 0.000 -0.016 -0.024 1.000 0.000 -0.001 -0.001 -0.002 1.000]]
		[0.3333333 [0.999 -0.003 -0.034 0.000 0.004 0.999 0.043 0.000 0.034 -0.043 0.998 0.000 -0.001 -0.001 -0.002 1.000]]
		[0.3611111 [0.989 -0.004 -0.147 0.000 0.012 0.999 0.050 0.000 0.146 -0.051 0.988 0.000 -0.001 -0.001 -0.001 1.000]]
		[0.3888889 [0.957 -0.004 -0.290 0.000 0.018 0.999 0.046 0.000 0.289 -0.049 0.956 0.000 -0.001 -0.001 -0.001 1.000]]
		[0.4166667 [0.927 -0.003 -0.374 0.000 0.018 0.999 0.039 0.000 0.373 -0.043 0.927 0.000 -0.002 -0.001 -0.001 1.000]]
		[0.4444444 [0.926 -0.001 -0.378 0.000 0.014 0.999 0.032 0.000 0.378 -0.035 0.925 0.000 -0.001 -0.001 -0.001 1.000]]
		[0.4722222 [0.939 0.000 -0.344 0.000 0.009 1.000 0.024 0.000 0.344 -0.026 0.939 0.000 -0.001 -0.001 -0.001 1.000]]
		[0.5 [0.959 0.001 -0.282 0.000 0.004 1.000 0.016 0.000 0.282 -0.016 0.959 0.000 -0.001 -0.001 -0.002 1.000]]
		[0.5277778 [0.979 0.001 -0.203 0.000 0.000 1.000 0.009 0.000 0.203 -0.009 0.979 0.000 -0.001 -0.001 -0.002 1.000]]
		[0.5555556 [0.993 0.001 -0.118 0.000 -0.001 1.000 0.003 0.000 0.118 -0.003 0.993 0.000 -0.001 -0.001 -0.002 1.000]]
		[0.5833333 [0.999 0.000 -0.039 0.000 0.000 1.000 0.000 0.000 0.039 0.000 0.999 0.000 0.000 -0.001 -0.002 1.000]]
		[0.6111111 [1.000 0.000 0.000 0.000 0.000 1.000 0.000 0.000 0.000 0.000 1.000 0.000 0.000 -0.001 -0.002 1.000]]
		[0.6388889 [1.000 0.000 0.000 0.000 0.000 1.000 0.000 0.000 0.000 0.000 1.000 0.000 0.000 -0.001 -0.002 1.000]]
		[0.6666667 [1.000 0.000 0.000 0.000 0.000 1.000 0.000 0.000 0.000 0.000 1.000 0.000 0.000 -0.001 -0.002 1.000]]
		[0.6944444 [1.000 0.000 0.000 0.000 0.000 1.000 0.000 0.000 0.000 0.000 1.000 0.000 0.000 -0.001 -0.002 1.000]]
		[0.7222222 [1.000 0.000 0.000 0.000 0.000 1.000 0.000 0.000 0.000 0.000 1.000 0.000 0.000 -0.001 -0.002 1.000]]
		[0.75 [1.000 0.000 0.000 0.000 0.000 1.000 0.000 0.000 0.000 0.000 1.000 0.000 0.000 -0.001 -0.002 1.000]]
		[0.7777778 [1.000 0.000 0.000 0.000 0.000 1.000 0.000 0.000 0.000 0.000 1.000 0.000 0.000 -0.001 -0.002 1.000]]
		[0.8055556 [1.000 0.000 0.000 0.000 0.000 1.000 0.000 0.000 0.000 0.000 1.000 0.000 0.000 -0.001 -0.002 1.000]]
		[0.8333333 [1.000 0.000 0.000 0.000 0.000 1.000 0.000 0.000 0.000 0.000 1.000 0.000 0.000 -0.001 -0.002 1.000]]
		[0.8611111 [1.000 0.000 0.000 0.000 0.000 1.000 0.000 0.000 0.000 0.000 1.000 0.000 0.000 -0.001 -0.002 1.000]]
		[0.8888889 [1.000 0.000 0.000 0.000 0.000 1.000 0.000 0.000 0.000 0.000 1.000 0.000 0.000 -0.001 -0.002 1.000]]
		[0.9166667 [1.000 0.000 0.000 0.000 0.000 1.000 0.000 0.000 0.000 0.000 1.000 0.000 0.000 -0.001 -0.002 1.000]]
		[0.9444444 [1.000 0.000 0.000 0.000 0.000 1.000 0.000 0.000 0.000 0.000 1.000 0.000 0.000 -0.001 -0.002 1.000]]
		[0.9722222 [1.000 0.000 0.000 0.000 0.000 1.000 0.000 0.000 0.000 0.000 1.000 0.000 0.000 -0.001 -0.002 1.000]]
	]
	"Kluchitsa_L" [
		[0 [0.940 0.000 0.342 0.000 0.000 1.000 0.000 0.000 -0.342 0.000 0.940 0.000 -0.002 0.000 -0.001 1.000]]
		[0.02777778 [0.934 -0.099 0.342 0.000 0.105 0.994 0.000 0.000 -0.340 0.036 0.940 0.000 -0.002 0.000 -0.001 1.000]]
		[0.05555556 [0.914 -0.217 0.342 0.000 0.231 0.973 0.000 0.000 -0.333 0.079 0.940 0.000 -0.002 0.000 -0.001 1.000]]
		[0.08333334 [0.879 -0.331 0.342 0.000 0.352 0.936 0.000 0.000 -0.320 0.120 0.940 0.000 -0.002 0.001 -0.001 1.000]]
		[0.1111111 [0.840 -0.422 0.342 0.000 0.449 0.894 0.000 0.000 -0.306 0.154 0.940 0.000 -0.001 0.001 -0.001 1.000]]
		[0.1388889 [0.812 -0.473 0.342 0.000 0.503 0.864 0.000 0.000 -0.296 0.172 0.940 0.000 -0.001 0.001 -0.001 1.000]]
		[0.1666667 [0.814 -0.470 0.342 0.000 0.500 0.866 0.000 0.000 -0.296 0.171 0.940 0.000 -0.001 0.001 -0.001 1.000]]
		[0.1944444 [0.852 -0.397 0.342 0.000 0.422 0.907 0.000 0.000 -0.310 0.144 0.940 0.000 -0.001 0.001 -0.001 1.000]]
		[0.2222222 [0.904 -0.258 0.342 0.000 0.274 0.962 0.000 0.000 -0.329 0.094 0.940 0.000 -0.002 0.000 -0.001 1.000]]
		[0.25 [0.937 -0.072 0.342 0.000 0.076 0.997 0.000 0.000 -0.341 0.026 0.940 0.000 -0.002 0.000 -0.001 1.000]]
		[0.2777778 [0.930 0.133 0.342 0.000 -0.142 0.990 0.000 0.000 -0.339 -0.049 0.940 0.000 -0.002 0.000 -0.001 1.000]]
		[0.3055556 [0.882 0.323 0.342 0.000 -0.344 0.939 0.000 0.000 -0.321 -0.118 0.940 0.000 -0.002 -0.001 -0.001 1.000]]
		[0.3333333 [0.814 0.470 0.342 0.000 -0.500 0.866 0.000 0.000 -0.296 -0.171 0.940 0.000 -0.001 -0.001 -0.001 1.000]]
		[0.3611111 [0.730 0.591 0.342 0.000 -0.629 0.777 0.000 0.000 -0.266 -0.215 0.940 0.000 -0.001 -0.001 -0.001 1.000]]
		[0.3888889 [0.643 0.686 0.342 0.000 -0.730 0.684 0.000 0.000 -0.234 -0.250 0.940 0.000 -0.001 -0.001 -0.001 1.000]]
		[0.4166667 [0.604 0.720 0.342 0.000 -0.766 0.643 0.000 0.000 -0.220 -0.262 0.940 0.000 -0.001 -0.001 -0.001 1.000]]
		[0.4444444 [0.634 0.693 0.342 0.000 -0.738 0.675 0.000 0.000 -0.231 -0.252 0.940 0.000 -0.001 -0.001 -0.001 1.000]]
		[0.4722222 [0.701 0.626 0.342 0.000 -0.666 0.746 0.000 0.000 -0.255 -0.228 0.940 0.000 -0.001 -0.001 -0.001 1.000]]
		[0.5 [0.782 0.520 0.342 0.000 -0.554 0.833 0.000 0.000 -0.285 -0.189 0.940 0.000 -0.001 -0.001 -0.001 1.000]]
		[0.5277778 [0.858 0.384 0.342 0.000 -0.409 0.913 0.000 0.000 -0.312 -0.140 0.940 0.000 -0.001 -0.001 -0.001 1.000]]
		[0.5555556 [0.911 0.231 0.342 0.000 -0.246 0.969 0.000 0.000 -0.332 -0.084 0.940 0.000 -0.002 0.000 -0.001 1.000]]
		[0.5833333 [0.936 0.080 0.342 0.000 -0.085 0.996 0.000 0.000 -0.341 -0.029 0.940 0.000 -0.002 0.000 -0.001 1.000]]
		[0.6111111 [0.940 0.000 0.342 0.000 0.000 1.000 0.000 0.000 -0.342 0.000 0.940 0.000 -0.002 0.000 -0.001 1.000]]
		[0.6388889 [0.940 0.000 0.342 0.000 0.000 1.000 0.000 0.000 -0.342 0.000 0.940 0.000 -0.002 0.000 -0.001 1.000]]
		[0.6666667 [0.940 0.000 0.342 0.000 0.000 1.000 0.000 0.000 -0.342 0.000 0.940 0.000 -0.002 0.000 -0.001 1.000]]
		[0.6944444 [0.940 0.000 0.342 0.000 0.000 1.000 0.000 0.000 -0.342 0.000 0.940 0.000 -0.002 0.000 -0.001 1.000]]
		[0.7222222 [0.940 0.000 0.342 0.000 0.000 1.000 0.000 0.000 -0.342 0.000 0.940 0.000 -0.002 0.000 -0.001 1.000]]
		[0.75 [0.940 0.000 0.342 0.000 0.000 1.000 0.000 0.000 -0.342 0.000 0.940 0.000 -0.002 0.000 -0.001 1.000]]
		[0.7777778 [0.940 0.000 0.342 0.000 0.000 1.000 0.000 0.000 -0.342 0.000 0.940 0.000 -0.002 0.000 -0.001 1.000]]
		[0.8055556 [0.940 0.000 0.342 0.000 0.000 1.000 0.000 0.000 -0.342 0.000 0.940 0.000 -0.002 0.000 -0.001 1.000]]
		[0.8333333 [0.940 0.000 0.342 0.000 0.000 1.000 0.000 0.000 -0.342 0.000 0.940 0.000 -0.002 0.000 -0.001 1.000]]
		[0.8611111 [0.940 0.000 0.342 0.000 0.000 1.000 0.000 0.000 -0.342 0.000 0.940 0.000 -0.002 0.000 -0.001 1.000]]
		[0.8888889 [0.940 0.000 0.342 0.000 0.000 1.000 0.000 0.000 -0.342 0.000 0.940 0.000 -0.002 0.000 -0.001 1.000]]
		[0.9166667 [0.940 0.000 0.342 0.000 0.000 1.000 0.000 0.000 -0.342 0.000 0.940 0.000 -0.002 0.000 -0.001 1.000]]
		[0.9444444 [0.940 0.000 0.342 0.000 0.000 1.000 0.000 0.000 -0.342 0.000 0.940 0.000 -0.002 0.000 -0.001 1.000]]
		[0.9722222 [0.940 0.000 0.342 0.000 0.000 1.000 0.000 0.000 -0.342 0.000 0.940 0.000 -0.002 0.000 -0.001 1.000]]
	]
	"Kluchitsa_L_end" [
		[0 [0.940 0.000 0.342 0.000 0.000 1.000 0.000 0.000 -0.342 0.000 0.940 0.000 -0.002 0.000 -0.001 1.000]]
		[0.02777778 [0.934 -0.099 0.342 0.000 0.105 0.994 0.000 0.000 -0.340 0.036 0.940 0.000 -0.001 0.000 -0.001 1.000]]
		[0.05555556 [0.914 -0.217 0.342 0.000 0.231 0.973 0.000 0.000 -0.333 0.079 0.940 0.000 -0.001 0.000 -0.001 1.000]]
		[0.08333334 [0.879 -0.331 0.342 0.000 0.352 0.936 0.000 0.000 -0.320 0.120 0.940 0.000 0.000 0.000 -0.001 1.000]]
		[0.1111111 [0.840 -0.422 0.342 0.000 0.449 0.894 0.000 0.000 -0.306 0.154 0.940 0.000 0.000 0.000 -0.001 1.000]]
		[0.1388889 [0.812 -0.473 0.342 0.000 0.503 0.864 0.000 0.000 -0.296 0.172 0.940 0.000 0.000 0.000 -0.001 1.000]]
		[0.1666667 [0.814 -0.470 0.342 0.000 0.500 0.866 0.000 0.000 -0.296 0.171 0.940 0.000 0.000 0.000 -0.001 1.000]]
		[0.1944444 [0.852 -0.397 0.342 0.000 0.422 0.907 0.000 0.000 -0.310 0.144 0.940 0.000 0.000 0.000 -0.001 1.000]]
		[0.2222222 [0.904 -0.258 0.342 0.000 0.274 0.962 0.000 0.000 -0.329 0.094 0.940 0.000 -0.001 0.000 -0.001 1.000]]
		[0.25 [0.937 -0.072 0.342 0.000 0.076 0.997 0.000 0.000 -0.341 0.026 0.940 0.000 -0.001 0.000 -0.001 1.000]]
		[0.2777778 [0.930 0.133 0.342 0.000 -0.142 0.990 0.000 0.000 -0.339 -0.049 0.940 0.000 -0.002 0.000 -0.001 1.000]]
		[0.3055556 [0.882 0.323 0.342 0.000 -0.344 0.939 0.000 0.000 -0.321 -0.118 0.940 0.000 -0.003 -0.001 -0.001 1.000]]
		[0.3333333 [0.814 0.470 0.342 0.000 -0.500 0.866 0.000 0.000 -0.296 -0.171 0.940 0.000 -0.003 -0.001 -0.001 1.000]]
		[0.3611111 [0.730 0.591 0.342 0.000 -0.629 0.777 0.000 0.000 -0.266 -0.215 0.940 0.000 -0.003 -0.002 -0.001 1.000]]
		[0.3888889 [0.643 0.686 0.342 0.000 -0.730 0.684 0.000 0.000 -0.234 -0.250 0.940 0.000 -0.003 -0.002 -0.001 1.000]]
		[0.4166667 [0.604 0.720 0.342 0.000 -0.766 0.643 0.000 0.000 -0.220 -0.262 0.940 0.000 -0.003 -0.002 -0.001 1.000]]
		[0.4444444 [0.634 0.693 0.342 0.000 -0.738 0.675 0.000 0.000 -0.231 -0.252 0.940 0.000 -0.003 -0.002 -0.001 1.000]]
		[0.4722222 [0.701 0.626 0.342 0.000 -0.666 0.746 0.000 0.000 -0.255 -0.228 0.940 0.000 -0.003 -0.002 -0.001 1.000]]
		[0.5 [0.782 0.520 0.342 0.000 -0.554 0.833 0.000 0.000 -0.285 -0.189 0.940 0.000 -0.003 -0.001 -0.001 1.000]]
		[0.5277778 [0.858 0.384 0.342 0.000 -0.409 0.913 0.000 0.000 -0.312 -0.140 0.940 0.000 -0.003 -0.001 -0.001 1.000]]
		[0.5555556 [0.911 0.231 0.342 0.000 -0.246 0.969 0.000 0.000 -0.332 -0.084 0.940 0.000 -0.002 0.000 -0.001 1.000]]
		[0.5833333 [0.936 0.080 0.342 0.000 -0.085 0.996 0.000 0.000 -0.341 -0.029 0.940 0.000 -0.002 0.000 -0.001 1.000]]
		[0.6111111 [0.940 0.000 0.342 0.000 0.000 1.000 0.000 0.000 -0.342 0.000 0.940 0.000 -0.002 0.000 -0.001 1.000]]
		[0.6388889 [0.940 0.000 0.342 0.000 0.000 1.000 0.000 0.000 -0.342 0.000 0.940 0.000 -0.002 0.000 -0.001 1.000]]
		[0.6666667 [0.940 0.000 0.342 0.000 0.000 1.000 0.000 0.000 -0.342 0.000 0.940 0.000 -0.002 0.000 -0.001 1.000]]
		[0.6944444 [0.940 0.000 0.342 0.000 0.000 1.000 0.000 0.000 -0.342 0.000 0.940 0.000 -0.002 0.000 -0.001 1.000]]
		[0.7222222 [0.940 0.000 0.342 0.000 0.000 1.000 0.000 0.000 -0.342 0.000 0.940 0.000 -0.002 0.000 -0.001 1.000]]
		[0.75 [0.940 0.000 0.342 0.000 0.000 1.000 0.000 0.000 -0.342 0.000 0.940 0.000 -0.002 0.000 -0.001 1.000]]
		[0.7777778 [0.940 0.000 0.342 0.000 0.000 1.000 0.000 0.000 -0.342 0.000 0.940 0.000 -0.002 0.000 -0.001 1.000]]
		[0.8055556 [0.940 0.000 0.342 0.000 0.000 1.000 0.000 0.000 -0.342 0.000 0.940 0.000 -0.002 0.000 -0.001 1.000]]
		[0.8333333 [0.940 0.000 0.342 0.000 0.000 1.000 0.000 0.000 -0.342 0.000 0.940 0.000 -0.002 0.000 -0.001 1.000]]
		[0.8611111 [0.940 0.000 0.342 0.000 0.000 1.000 0.000 0.000 -0.342 0.000 0.940 0.000 -0.002 0.000 -0.001 1.000]]
		[0.8888889 [0.940 0.000 0.342 0.000 0.000 1.000 0.000 0.000 -0.342 0.000 0.940 0.000 -0.002 0.000 -0.001 1.000]]
		[0.9166667 [0.940 0.000 0.342 0.000 0.000 1.000 0.000 0.000 -0.342 0.000 0.940 0.000 -0.002 0.000 -0.001 1.000]]
		[0.9444444 [0.940 0.000 0.342 0.000 0.000 1.000 0.000 0.000 -0.342 0.000 0.940 0.000 -0.002 0.000 -0.001 1.000]]
		[0.9722222 [0.940 0.000 0.342 0.000 0.000 1.000 0.000 0.000 -0.342 0.000 0.940 0.000 -0.002 0.000 -0.001 1.000]]
	]
	"Kluchitsa_P" [
		[0 [0.940 0.000 -0.342 0.000 0.000 1.000 0.000 0.000 0.342 0.000 0.940 0.000 0.002 0.000 -0.001 1.000]]
		[0.02777778 [0.934 -0.099 -0.342 0.000 0.105 0.994 0.000 0.000 0.340 -0.036 0.940 0.000 0.002 0.000 -0.001 1.000]]
		[0.05555556 [0.914 -0.217 -0.342 0.000 0.231 0.973 0.000 0.000 0.333 -0.079 0.940 0.000 0.002 0.000 -0.001 1.000]]
		[0.08333334 [0.879 -0.331 -0.342 0.000 0.352 0.936 0.000 0.000 0.320 -0.120 0.940 0.000 0.002 -0.001 -0.001 1.000]]
		[0.1111111 [0.840 -0.422 -0.342 0.000 0.449 0.894 0.000 0.000 0.306 -0.154 0.940 0.000 0.001 -0.001 -0.001 1.000]]
		[0.1388889 [0.812 -0.473 -0.342 0.000 0.503 0.864 0.000 0.000 0.296 -0.172 0.940 0.000 0.001 -0.001 -0.001 1.000]]
		[0.1666667 [0.814 -0.470 -0.342 0.000 0.500 0.866 0.000 0.000 0.296 -0.171 0.940 0.000 0.001 -0.001 -0.001 1.000]]
		[0.1944444 [0.852 -0.397 -0.342 0.000 0.422 0.907 0.000 0.000 0.310 -0.144 0.940 0.000 0.001 -0.001 -0.001 1.000]]
		[0.2222222 [0.904 -0.258 -0.342 0.000 0.274 0.962 0.000 0.000 0.329 -0.094 0.940 0.000 0.002 0.000 -0.001 1.000]]
		[0.25 [0.937 -0.072 -0.342 0.000 0.076 0.997 0.000 0.000 0.341 -0.026 0.940 0.000 0.002 0.000 -0.001 1.000]]
		[0.2777778 [0.930 0.133 -0.342 0.000 -0.142 0.990 0.000 0.000 0.339 0.049 0.940 0.000 0.002 0.000 -0.001 1.000]]
		[0.3055556 [0.882 0.323 -0.342 0.000 -0.344 0.939 0.000 0.000 0.321 0.118 0.940 0.000 0.002 0.001 -0.001 1.000]]
		[0.3333333 [0.814 0.470 -0.342 0.000 -0.500 0.866 0.000 0.000 0.296 0.171 0.940 0.000 0.001 0.001 -0.001 1.000]]
		[0.3611111 [0.730 0.591 -0.342 0.000 -0.629 0.777 0.000 0.000 0.266 0.215 0.940 0.000 0.001 0.001 -0.001 1.000]]
		[0.3888889 [0.643 0.686 -0.342 0.000 -0.730 0.684 0.000 0.000 0.234 0.250 0.940 0.000 0.001 0.001 -0.001 1.000]]
		[0.4166667 [0.604 0.720 -0.342 0.000 -0.766 0.643 0.000 0.000 0.220 0.262 0.940 0.000 0.001 0.001 -0.001 1.000]]
		[0.4444444 [0.634 0.693 -0.342 0.000 -0.738 0.675 0.000 0.000 0.231 0.252 0.940 0.000 0.001 0.001 -0.001 1.000]]
		[0.4722222 [0.701 0.626 -0.342 0.000 -0.666 0.746 0.000 0.000 0.255 0.228 0.940 0.000 0.001 0.001 -0.001 1.000]]
		[0.5 [0.782 0.520 -0.342 0.000 -0.554 0.833 0.000 0.000 0.285 0.189 0.940 0.000 0.001 0.001 -0.001 1.000]]
		[0.5277778 [0.858 0.384 -0.342 0.000 -0.409 0.913 0.000 0.000 0.312 0.140 0.940 0.000 0.001 0.001 -0.001 1.000]]
		[0.5555556 [0.911 0.231 -0.342 0.000 -0.246 0.969 0.000 0.000 0.332 0.084 0.940 0.000 0.002 0.000 -0.001 1.000]]
		[0.5833333 [0.936 0.080 -0.342 0.000 -0.085 0.996 0.000 0.000 0.341 0.029 0.940 0.000 0.002 0.000 -0.001 1.000]]
		[0.6111111 [0.940 0.000 -0.342 0.000 0.000 1.000 0.000 0.000 0.342 0.000 0.940 0.000 0.002 0.000 -0.001 1.000]]
		[0.6388889 [0.940 0.000 -0.342 0.000 0.000 1.000 0.000 0.000 0.342 0.000 0.940 0.000 0.002 0.000 -0.001 1.000]]
		[0.6666667 [0.940 0.000 -0.342 0.000 0.000 1.000 0.000 0.000 0.342 0.000 0.940 0.000 0.002 0.000 -0.001 1.000]]
		[0.6944444 [0.940 0.000 -0.342 0.000 0.000 1.000 0.000 0.000 0.342 0.000 0.940 0.000 0.002 0.000 -0.001 1.000]]
		[0.7222222 [0.940 0.000 -0.342 0.000 0.000 1.000 0.000 0.000 0.342 0.000 0.940 0.000 0.002 0.000 -0.001 1.000]]
		[0.75 [0.940 0.000 -0.342 0.000 0.000 1.000 0.000 0.000 0.342 0.000 0.940 0.000 0.002 0.000 -0.001 1.000]]
		[0.7777778 [0.940 0.000 -0.342 0.000 0.000 1.000 0.000 0.000 0.342 0.000 0.940 0.000 0.002 0.000 -0.001 1.000]]
		[0.8055556 [0.940 0.000 -0.342 0.000 0.000 1.000 0.000 0.000 0.342 0.000 0.940 0.000 0.002 0.000 -0.001 1.000]]
		[0.8333333 [0.940 0.000 -0.342 0.000 0.000 1.000 0.000 0.000 0.342 0.000 0.940 0.000 0.002 0.000 -0.001 1.000]]
		[0.8611111 [0.940 0.000 -0.342 0.000 0.000 1.000 0.000 0.000 0.342 0.000 0.940 0.000 0.002 0.000 -0.001 1.000]]
		[0.8888889 [0.940 0.000 -0.342 0.000 0.000 1.000 0.000 0.000 0.342 0.000 0.940 0.000 0.002 0.000 -0.001 1.000]]
		[0.9166667 [0.940 0.000 -0.342 0.000 0.000 1.000 0.000 0.000 0.342 0.000 0.940 0.000 0.002 0.000 -0.001 1.000]]
		[0.9444444 [0.940 0.000 -0.342 0.000 0.000 1.000 0.000 0.000 0.342 0.000 0.940 0.000 0.002 0.000 -0.001 1.000]]
		[0.9722222 [0.940 0.000 -0.342 0.000 0.000 1.000 0.000 0.000 0.342 0.000 0.940 0.000 0.002 0.000 -0.001 1.000]]
	]
	"Kluchitsa_P_end" [
		[0 [0.940 0.000 -0.342 0.000 0.000 1.000 0.000 0.000 0.342 0.000 0.940 0.000 0.002 0.000 -0.001 1.000]]
		[0.02777778 [0.934 -0.099 -0.342 0.000 0.105 0.994 0.000 0.000 0.340 -0.036 0.940 0.000 0.002 0.000 -0.001 1.000]]
		[0.05555556 [0.914 -0.217 -0.342 0.000 0.231 0.973 0.000 0.000 0.333 -0.079 0.940 0.000 0.002 0.000 -0.001 1.000]]
		[0.08333334 [0.879 -0.331 -0.342 0.000 0.352 0.936 0.000 0.000 0.320 -0.120 0.940 0.000 0.003 -0.001 -0.001 1.000]]
		[0.1111111 [0.840 -0.422 -0.342 0.000 0.449 0.894 0.000 0.000 0.306 -0.154 0.940 0.000 0.003 -0.001 -0.001 1.000]]
		[0.1388889 [0.812 -0.473 -0.342 0.000 0.503 0.864 0.000 0.000 0.296 -0.172 0.940 0.000 0.003 -0.001 -0.001 1.000]]
		[0.1666667 [0.814 -0.470 -0.342 0.000 0.500 0.866 0.000 0.000 0.296 -0.171 0.940 0.000 0.003 -0.001 -0.001 1.000]]
		[0.1944444 [0.852 -0.397 -0.342 0.000 0.422 0.907 0.000 0.000 0.310 -0.144 0.940 0.000 0.003 -0.001 -0.001 1.000]]
		[0.2222222 [0.904 -0.258 -0.342 0.000 0.274 0.962 0.000 0.000 0.329 -0.094 0.940 0.000 0.002 -0.001 -0.001 1.000]]
		[0.25 [0.937 -0.072 -0.342 0.000 0.076 0.997 0.000 0.000 0.341 -0.026 0.940 0.000 0.002 0.000 -0.001 1.000]]
		[0.2777778 [0.930 0.133 -0.342 0.000 -0.142 0.990 0.000 0.000 0.339 0.049 0.940 0.000 0.001 0.000 -0.001 1.000]]
		[0.3055556 [0.882 0.323 -0.342 0.000 -0.344 0.939 0.000 0.000 0.321 0.118 0.940 0.000 0.000 0.000 -0.001 1.000]]
		[0.3333333 [0.814 0.470 -0.342 0.000 -0.500 0.866 0.000 0.000 0.296 0.171 0.940 0.000 0.000 0.000 -0.001 1.000]]
		[0.3611111 [0.730 0.591 -0.342 0.000 -0.629 0.777 0.000 0.000 0.266 0.215 0.940 0.000 -0.001 0.000 -0.001 1.000]]
		[0.3888889 [0.643 0.686 -0.342 0.000 -0.730 0.684 0.000 0.000 0.234 0.250 0.940 0.000 -0.001 0.000 -0.001 1.000]]
		[0.4166667 [0.604 0.720 -0.342 0.000 -0.766 0.643 0.000 0.000 0.220 0.262 0.940 0.000 -0.001 0.000 -0.001 1.000]]
		[0.4444444 [0.634 0.693 -0.342 0.000 -0.738 0.675 0.000 0.000 0.231 0.252 0.940 0.000 -0.001 0.000 -0.001 1.000]]
		[0.4722222 [0.701 0.626 -0.342 0.000 -0.666 0.746 0.000 0.000 0.255 0.228 0.940 0.000 -0.001 0.000 -0.001 1.000]]
		[0.5 [0.782 0.520 -0.342 0.000 -0.554 0.833 0.000 0.000 0.285 0.189 0.940 0.000 0.000 0.000 -0.001 1.000]]
		[0.5277778 [0.858 0.384 -0.342 0.000 -0.409 0.913 0.000 0.000 0.312 0.140 0.940 0.000 0.000 0.000 -0.001 1.000]]
		[0.5555556 [0.911 0.231 -0.342 0.000 -0.246 0.969 0.000 0.000 0.332 0.084 0.940 0.000 0.001 0.000 -0.001 1.000]]
		[0.5833333 [0.936 0.080 -0.342 0.000 -0.085 0.996 0.000 0.000 0.341 0.029 0.940 0.000 0.001 0.000 -0.001 1.000]]
		[0.6111111 [0.940 0.000 -0.342 0.000 0.000 1.000 0.000 0.000 0.342 0.000 0.940 0.000 0.002 0.000 -0.001 1.000]]
		[0.6388889 [0.940 0.000 -0.342 0.000 0.000 1.000 0.000 0.000 0.342 0.000 0.940 0.000 0.002 0.000 -0.001 1.000]]
		[0.6666667 [0.940 0.000 -0.342 0.000 0.000 1.000 0.000 0.000 0.342 0.000 0.940 0.000 0.002 0.000 -0.001 1.000]]
		[0.6944444 [0.940 0.000 -0.342 0.000 0.000 1.000 0.000 0.000 0.342 0.000 0.940 0.000 0.002 0.000 -0.001 1.000]]
		[0.7222222 [0.940 0.000 -0.342 0.000 0.000 1.000 0.000 0.000 0.342 0.000 0.940 0.000 0.002 0.000 -0.001 1.000]]
		[0.75 [0.940 0.000 -0.342 0.000 0.000 1.000 0.000 0.000 0.342 0.000 0.940 0.000 0.002 0.000 -0.001 1.000]]
		[0.7777778 [0.940 0.000 -0.342 0.000 0.000 1.000 0.000 0.000 0.342 0.000 0.940 0.000 0.002 0.000 -0.001 1.000]]
		[0.8055556 [0.940 0.000 -0.342 0.000 0.000 1.000 0.000 0.000 0.342 0.000 0.940 0.000 0.002 0.000 -0.001 1.000]]
		[0.8333333 [0.940 0.000 -0.342 0.000 0.000 1.000 0.000 0.000 0.342 0.000 0.940 0.000 0.002 0.000 -0.001 1.000]]
		[0.8611111 [0.940 0.000 -0.342 0.000 0.000 1.000 0.000 0.000 0.342 0.000 0.940 0.000 0.002 0.000 -0.001 1.000]]
		[0.8888889 [0.940 0.000 -0.342 0.000 0.000 1.000 0.000 0.000 0.342 0.000 0.940 0.000 0.002 0.000 -0.001 1.000]]
		[0.9166667 [0.940 0.000 -0.342 0.000 0.000 1.000 0.000 0.000 0.342 0.000 0.940 0.000 0.002 0.000 -0.001 1.000]]
		[0.9444444 [0.940 0.000 -0.342 0.000 0.000 1.000 0.000 0.000 0.342 0.000 0.940 0.000 0.002 0.000 -0.001 1.000]]
		[0.9722222 [0.940 0.000 -0.342 0.000 0.000 1.000 0.000 0.000 0.342 0.000 0.940 0.000 0.002 0.000 -0.001 1.000]]
	]
	"Ruka_L" [
		[0 [0.667 -0.670 0.325 0.000 0.593 0.742 0.312 0.000 -0.450 -0.015 0.893 0.000 -0.001 0.001 0.000 1.000]]
		[0.02777778 [0.730 -0.660 0.178 0.000 0.672 0.740 -0.013 0.000 -0.123 0.129 0.984 0.000 -0.001 0.001 0.000 1.000]]
		[0.05555556 [0.741 -0.665 -0.089 0.000 0.604 0.719 -0.346 0.000 0.294 0.202 0.934 0.000 -0.001 0.001 0.000 1.000]]
		[0.08333334 [0.629 -0.658 -0.415 0.000 0.391 0.728 -0.563 0.000 0.672 0.192 0.715 0.000 0.000 0.001 0.000 1.000]]
		[0.1111111 [0.400 -0.595 -0.698 0.000 0.143 0.792 -0.593 0.000 0.905 0.137 0.402 0.000 0.000 0.001 0.000 1.000]]
		[0.1388889 [0.150 -0.461 -0.875 0.000 -0.037 0.882 -0.470 0.000 0.988 0.103 0.116 0.000 0.000 0.001 0.000 1.000]]
		[0.1666667 [-0.010 -0.285 -0.958 0.000 -0.142 0.949 -0.281 0.000 0.990 0.133 -0.050 0.000 0.000 0.001 0.000 1.000]]
		[0.1944444 [-0.036 -0.101 -0.994 0.000 -0.250 0.964 -0.089 0.000 0.967 0.246 -0.060 0.000 0.000 0.001 0.000 1.000]]
		[0.2222222 [0.014 0.072 -0.997 0.000 -0.415 0.908 0.060 0.000 0.910 0.413 0.042 0.000 -0.001 0.001 0.000 1.000]]
		[0.25 [0.086 0.210 -0.974 0.000 -0.620 0.776 0.113 0.000 0.780 0.594 0.197 0.000 -0.001 0.001 0.000 1.000]]
		[0.2777778 [0.160 0.299 -0.941 0.000 -0.805 0.592 0.051 0.000 0.572 0.749 0.335 0.000 -0.002 0.000 -0.001 1.000]]
		[0.3055556 [0.241 0.341 -0.909 0.000 -0.913 0.397 -0.093 0.000 0.329 0.852 0.407 0.000 -0.002 0.000 -0.001 1.000]]
		[0.3333333 [0.336 0.355 -0.873 0.000 -0.935 0.235 -0.265 0.000 0.111 0.905 0.411 0.000 -0.002 0.000 -0.001 1.000]]
		[0.3611111 [0.480 0.361 -0.799 0.000 -0.872 0.096 -0.480 0.000 -0.097 0.928 0.361 0.000 -0.003 0.000 -0.002 1.000]]
		[0.3888889 [0.658 0.398 -0.640 0.000 -0.696 -0.002 -0.718 0.000 -0.287 0.918 0.275 0.000 -0.003 -0.001 -0.002 1.000]]
		[0.4166667 [0.774 0.480 -0.413 0.000 -0.471 0.001 -0.882 0.000 -0.423 0.877 0.227 0.000 -0.003 -0.001 -0.002 1.000]]
		[0.4444444 [0.804 0.573 -0.157 0.000 -0.276 0.125 -0.953 0.000 -0.526 0.810 0.259 0.000 -0.003 -0.001 -0.002 1.000]]
		[0.4722222 [0.786 0.606 0.124 0.000 -0.122 0.348 -0.930 0.000 -0.606 0.716 0.347 0.000 -0.003 0.000 -0.002 1.000]]
		[0.5 [0.765 0.509 0.396 0.000 -0.011 0.624 -0.781 0.000 -0.644 0.593 0.483 0.000 -0.003 0.000 -0.002 1.000]]
		[0.5277778 [0.771 0.250 0.586 0.000 0.100 0.861 -0.499 0.000 -0.629 0.443 0.639 0.000 -0.002 0.000 -0.001 1.000]]
		[0.5555556 [0.780 -0.122 0.613 0.000 0.262 0.955 -0.142 0.000 -0.568 0.272 0.777 0.000 -0.002 0.000 -0.001 1.000]]
		[0.5833333 [0.733 -0.495 0.466 0.000 0.471 0.864 0.177 0.000 -0.490 0.090 0.867 0.000 -0.002 0.000 0.000 1.000]]
		[0.6111111 [0.667 -0.670 0.325 0.000 0.593 0.742 0.312 0.000 -0.450 -0.015 0.893 0.000 -0.001 0.001 0.000 1.000]]
		[0.6388889 [0.667 -0.670 0.325 0.000 0.593 0.742 0.312 0.000 -0.450 -0.015 0.893 0.000 -0.001 0.001 0.000 1.000]]
		[0.6666667 [0.667 -0.670 0.325 0.000 0.593 0.742 0.312 0.000 -0.450 -0.015 0.893 0.000 -0.001 0.001 0.000 1.000]]
		[0.6944444 [0.667 -0.670 0.325 0.000 0.593 0.742 0.312 0.000 -0.450 -0.015 0.893 0.000 -0.001 0.001 0.000 1.000]]
		[0.7222222 [0.667 -0.670 0.325 0.000 0.593 0.742 0.312 0.000 -0.450 -0.015 0.893 0.000 -0.001 0.001 0.000 1.000]]
		[0.75 [0.667 -0.670 0.325 0.000 0.593 0.742 0.312 0.000 -0.450 -0.015 0.893 0.000 -0.001 0.001 0.000 1.000]]
		[0.7777778 [0.667 -0.670 0.325 0.000 0.593 0.742 0.312 0.000 -0.450 -0.015 0.893 0.000 -0.001 0.001 0.000 1.000]]
		[0.8055556 [0.667 -0.670 0.325 0.000 0.593 0.742 0.312 0.000 -0.450 -0.015 0.893 0.000 -0.001 0.001 0.000 1.000]]
		[0.8333333 [0.667 -0.670 0.325 0.000 0.593 0.742 0.312 0.000 -0.450 -0.015 0.893 0.000 -0.001 0.001 0.000 1.000]]
		[0.8611111 [0.667 -0.670 0.325 0.000 0.593 0.742 0.312 0.000 -0.450 -0.015 0.893 0.000 -0.001 0.001 0.000 1.000]]
		[0.8888889 [0.667 -0.670 0.325 0.000 0.593 0.742 0.312 0.000 -0.450 -0.015 0.893 0.000 -0.001 0.001 0.000 1.000]]
		[0.9166667 [0.667 -0.670 0.325 0.000 0.593 0.742 0.312 0.000 -0.450 -0.015 0.893 0.000 -0.001 0.001 0.000 1.000]]
		[0.9444444 [0.667 -0.670 0.325 0.000 0.593 0.742 0.312 0.000 -0.450 -0.015 0.893 0.000 -0.001 0.001 0.000 1.000]]
		[0.9722222 [0.667 -0.670 0.325 0.000 0.593 0.742 0.312 0.000 -0.450 -0.015 0.893 0.000 -0.001 0.001 0.000 1.000]]
	]
	"Lokot_L" [
		[0 [0.719 0.617 0.320 0.000 -0.533 0.785 -0.317 0.000 -0.446 0.057 0.893 0.000 0.000 0.000 0.001 1.000]]
		[0.02777778 [0.919 0.373 -0.127 0.000 -0.379 0.925 -0.027 0.000 0.107 0.073 0.992 0.000 0.001 0.000 0.000 1.000]]
		[0.05555556 [0.721 0.142 -0.679 0.000 -0.109 0.990 0.090 0.000 0.685 0.009 0.729 0.000 0.001 0.000 -0.001 1.000]]
		[0.08333334 [0.160 0.035 -0.986 0.000 0.056 0.997 0.044 0.000 0.985 -0.063 0.158 0.000 0.001 0.000 -0.002 1.000]]
		[0.1111111 [-0.423 0.035 -0.905 0.000 0.030 0.999 0.025 0.000 0.906 -0.017 -0.424 0.000 0.000 0.000 -0.002 1.000]]
		[0.1388889 [-0.775 0.020 -0.631 0.000 -0.095 0.984 0.148 0.000 0.625 0.174 -0.761 0.000 0.000 0.001 -0.001 1.000]]
		[0.1666667 [-0.894 -0.090 -0.438 0.000 -0.260 0.902 0.344 0.000 0.364 0.422 -0.830 0.000 0.000 0.001 -0.001 1.000]]
		[0.1944444 [-0.845 -0.298 -0.444 0.000 -0.505 0.717 0.480 0.000 0.175 0.630 -0.757 0.000 -0.001 0.001 0.000 1.000]]
		[0.2222222 [-0.617 -0.526 -0.585 0.000 -0.787 0.401 0.469 0.000 -0.012 0.750 -0.662 0.000 -0.002 0.001 0.000 1.000]]
		[0.25 [-0.212 -0.664 -0.717 0.000 -0.954 -0.017 0.298 0.000 -0.210 0.747 -0.630 0.000 -0.003 0.000 0.000 1.000]]
		[0.2777778 [0.257 -0.645 -0.719 0.000 -0.896 -0.438 0.072 0.000 -0.361 0.626 -0.691 0.000 -0.004 0.000 0.000 1.000]]
		[0.3055556 [0.635 -0.498 -0.591 0.000 -0.657 -0.750 -0.074 0.000 -0.406 0.435 -0.803 0.000 -0.005 -0.001 -0.001 1.000]]
		[0.3333333 [0.850 -0.322 -0.418 0.000 -0.394 -0.914 -0.098 0.000 -0.350 0.248 -0.903 0.000 -0.006 -0.001 -0.002 1.000]]
		[0.3611111 [0.964 -0.167 -0.206 0.000 -0.179 -0.983 -0.043 0.000 -0.195 0.079 -0.978 0.000 -0.006 -0.002 -0.003 1.000]]
		[0.3888889 [0.995 -0.063 0.076 0.000 -0.064 -0.998 0.015 0.000 0.075 -0.020 -0.997 0.000 -0.006 -0.003 -0.005 1.000]]
		[0.4166667 [0.923 -0.079 0.376 0.000 -0.051 -0.995 -0.083 0.000 0.381 0.058 -0.923 0.000 -0.005 -0.003 -0.005 1.000]]
		[0.4444444 [0.787 -0.276 0.552 0.000 -0.018 -0.905 -0.426 0.000 0.617 0.325 -0.717 0.000 -0.004 -0.003 -0.005 1.000]]
		[0.4722222 [0.717 -0.547 0.433 0.000 0.094 -0.540 -0.836 0.000 0.691 0.640 -0.336 0.000 -0.004 -0.002 -0.005 1.000]]
		[0.5 [0.809 -0.587 0.045 0.000 0.146 0.125 -0.981 0.000 0.570 0.800 0.186 0.000 -0.003 -0.001 -0.004 1.000]]
		[0.5277778 [0.950 -0.214 -0.226 0.000 -0.005 0.715 -0.699 0.000 0.312 0.666 0.678 0.000 -0.002 0.000 -0.003 1.000]]
		[0.5555556 [0.960 0.262 -0.095 0.000 -0.279 0.901 -0.333 0.000 -0.002 0.346 0.938 0.000 -0.001 0.000 -0.001 1.000]]
		[0.5833333 [0.821 0.533 0.204 0.000 -0.484 0.840 -0.246 0.000 -0.303 0.103 0.947 0.000 0.000 0.000 0.000 1.000]]
		[0.6111111 [0.719 0.617 0.320 0.000 -0.533 0.785 -0.317 0.000 -0.446 0.057 0.893 0.000 0.000 0.000 0.001 1.000]]
		[0.6388889 [0.719 0.617 0.320 0.000 -0.533 0.785 -0.317 0.000 -0.446 0.057 0.893 0.000 0.000 0.000 0.001 1.000]]
		[0.6666667 [0.719 0.617 0.320 0.000 -0.533 0.785 -0.317 0.000 -0.446 0.057 0.893 0.000 0.000 0.000 0.001 1.000]]
		[0.6944444 [0.719 0.617 0.320 0.000 -0.533 0.785 -0.317 0.000 -0.446 0.057 0.893 0.000 0.000 0.000 0.001 1.000]]
		[0.7222222 [0.719 0.617 0.320 0.000 -0.533 0.785 -0.317 0.000 -0.446 0.057 0.893 0.000 0.000 0.000 0.001 1.000]]
		[0.75 [0.719 0.617 0.320 0.000 -0.533 0.785 -0.317 0.000 -0.446 0.057 0.893 0.000 0.000 0.000 0.001 1.000]]
		[0.7777778 [0.719 0.617 0.320 0.000 -0.533 0.785 -0.317 0.000 -0.446 0.057 0.893 0.000 0.000 0.000 0.001 1.000]]
		[0.8055556 [0.719 0.617 0.320 0.000 -0.533 0.785 -0.317 0.000 -0.446 0.057 0.893 0.000 0.000 0.000 0.001 1.000]]
		[0.8333333 [0.719 0.617 0.320 0.000 -0.533 0.785 -0.317 0.000 -0.446 0.057 0.893 0.000 0.000 0.000 0.001 1.000]]
		[0.8611111 [0.719 0.617 0.320 0.000 -0.533 0.785 -0.317 0.000 -0.446 0.057 0.893 0.000 0.000 0.000 0.001 1.000]]
		[0.8888889 [0.719 0.617 0.320 0.000 -0.533 0.785 -0.317 0.000 -0.446 0.057 0.893 0.000 0.000 0.000 0.001 1.000]]
		[0.9166667 [0.719 0.617 0.320 0.000 -0.533 0.785 -0.317 0.000 -0.446 0.057 0.893 0.000 0.000 0.000 0.001 1.000]]
		[0.9444444 [0.719 0.617 0.320 0.000 -0.533 0.785 -0.317 0.000 -0.446 0.057 0.893 0.000 0.000 0.000 0.001 1.000]]
		[0.9722222 [0.719 0.617 0.320 0.000 -0.533 0.785 -0.317 0.000 -0.446 0.057 0.893 0.000 0.000 0.000 0.001 1.000]]
	]
	"Lokot_L_end" [
		[0 [0.719 0.617 0.320 0.000 -0.533 0.785 -0.317 0.000 -0.446 0.057 0.893 0.000 -0.002 -0.001 -0.001 1.000]]
		[0.02777778 [0.919 0.373 -0.127 0.000 -0.379 0.925 -0.027 0.000 0.107 0.073 0.992 0.000 -0.001 -0.001 0.000 1.000]]
		[0.05555556 [0.721 0.142 -0.679 0.000 -0.109 0.990 0.090 0.000 0.685 0.009 0.729 0.000 0.001 0.000 -0.001 1.000]]
		[0.08333334 [0.160 0.035 -0.986 0.000 0.056 0.997 0.044 0.000 0.985 -0.063 0.158 0.000 0.001 0.000 -0.002 1.000]]
		[0.1111111 [-0.423 0.035 -0.905 0.000 0.030 0.999 0.025 0.000 0.906 -0.017 -0.424 0.000 0.001 0.000 -0.002 1.000]]
		[0.1388889 [-0.775 0.020 -0.631 0.000 -0.095 0.984 0.148 0.000 0.625 0.174 -0.761 0.000 0.000 0.000 -0.001 1.000]]
		[0.1666667 [-0.894 -0.090 -0.438 0.000 -0.260 0.902 0.344 0.000 0.364 0.422 -0.830 0.000 -0.001 0.000 0.001 1.000]]
		[0.1944444 [-0.845 -0.298 -0.444 0.000 -0.505 0.717 0.480 0.000 0.175 0.630 -0.757 0.000 -0.003 0.000 0.002 1.000]]
		[0.2222222 [-0.617 -0.526 -0.585 0.000 -0.787 0.401 0.469 0.000 -0.012 0.750 -0.662 0.000 -0.005 -0.002 0.002 1.000]]
		[0.25 [-0.212 -0.664 -0.717 0.000 -0.954 -0.017 0.298 0.000 -0.210 0.747 -0.630 0.000 -0.008 -0.004 0.002 1.000]]
		[0.2777778 [0.257 -0.645 -0.719 0.000 -0.896 -0.438 0.072 0.000 -0.361 0.626 -0.691 0.000 -0.009 -0.007 0.000 1.000]]
		[0.3055556 [0.635 -0.498 -0.591 0.000 -0.657 -0.750 -0.074 0.000 -0.406 0.435 -0.803 0.000 -0.008 -0.009 -0.002 1.000]]
