{ :name "Attack_2" :length 0.5 :bones { 
	"Armature" [
		[0 [1.000 0.000 0.000 0.000 0.000 1.000 0.000 0.000 0.000 0.000 1.000 0.000 0.000 0.000 0.000 1.000]]
	]
	"Skelet" [
		[0 [1.000 0.000 0.000 0.000 0.000 1.000 0.000 0.000 0.000 0.000 1.000 0.000 0.000 0.000 0.000 1.000]]
	]
	"Bedro_L" [
		[0 [0.962 0.268 0.050 0.000 -0.272 0.952 0.138 0.000 -0.011 -0.147 0.989 0.000 0.000 0.000 0.000 1.000]]
		[0.03333334 [0.962 0.268 0.056 0.000 -0.273 0.952 0.138 0.000 -0.017 -0.148 0.989 0.000 0.000 0.000 0.000 1.000]]
		[0.06666667 [0.961 0.268 0.067 0.000 -0.275 0.952 0.136 0.000 -0.028 -0.150 0.988 0.000 0.000 0.000 0.000 1.000]]
		[0.1 [0.960 0.268 0.076 0.000 -0.276 0.951 0.136 0.000 -0.036 -0.151 0.988 0.000 0.000 0.000 0.000 1.000]]
		[0.1333333 [0.961 0.268 0.073 0.000 -0.276 0.952 0.136 0.000 -0.033 -0.151 0.988 0.000 0.000 0.000 0.000 1.000]]
		[0.1666667 [0.962 0.268 0.050 0.000 -0.272 0.952 0.138 0.000 -0.011 -0.147 0.989 0.000 0.000 0.000 0.000 1.000]]
		[0.2 [0.964 0.267 -0.010 0.000 -0.263 0.954 0.144 0.000 0.048 -0.137 0.989 0.000 0.000 0.000 0.000 1.000]]
		[0.2333333 [0.959 0.266 -0.101 0.000 -0.249 0.956 0.153 0.000 0.137 -0.121 0.983 0.000 0.000 0.000 0.000 1.000]]
		[0.2666667 [0.944 0.265 -0.197 0.000 -0.236 0.958 0.161 0.000 0.232 -0.105 0.967 0.000 0.000 0.000 0.000 1.000]]
		[0.3 [0.925 0.265 -0.272 0.000 -0.226 0.960 0.167 0.000 0.306 -0.092 0.948 0.000 0.000 0.000 0.000 1.000]]
		[0.3333333 [0.915 0.265 -0.302 0.000 -0.223 0.960 0.169 0.000 0.335 -0.087 0.938 0.000 0.000 0.000 0.000 1.000]]
		[0.3666667 [0.923 0.265 -0.278 0.000 -0.226 0.960 0.167 0.000 0.311 -0.091 0.946 0.000 0.000 0.000 0.000 1.000]]
		[0.4 [0.940 0.265 -0.214 0.000 -0.234 0.959 0.162 0.000 0.248 -0.102 0.963 0.000 0.000 0.000 0.000 1.000]]
		[0.4333333 [0.956 0.266 -0.127 0.000 -0.245 0.957 0.155 0.000 0.163 -0.117 0.980 0.000 0.000 0.000 0.000 1.000]]
		[0.4666667 [0.963 0.266 -0.033 0.000 -0.259 0.955 0.147 0.000 0.070 -0.133 0.989 0.000 0.000 0.000 0.000 1.000]]
		[0.5 [0.962 0.268 0.050 0.000 -0.272 0.952 0.138 0.000 -0.011 -0.147 0.989 0.000 0.000 0.000 0.000 1.000]]
		[0.5333334 [0.962 0.268 0.050 0.000 -0.272 0.952 0.138 0.000 -0.011 -0.147 0.989 0.000 0.000 0.000 0.000 1.000]]
		[0.5666667 [0.962 0.268 0.050 0.000 -0.272 0.952 0.138 0.000 -0.011 -0.147 0.989 0.000 0.000 0.000 0.000 1.000]]
		[0.6 [0.962 0.268 0.050 0.000 -0.272 0.952 0.138 0.000 -0.011 -0.147 0.989 0.000 0.000 0.000 0.000 1.000]]
		[0.6333333 [0.962 0.268 0.050 0.000 -0.272 0.952 0.138 0.000 -0.011 -0.147 0.989 0.000 0.000 0.000 0.000 1.000]]
		[0.6666667 [0.962 0.268 0.050 0.000 -0.272 0.952 0.138 0.000 -0.011 -0.147 0.989 0.000 0.000 0.000 0.000 1.000]]
		[0.7 [0.962 0.268 0.050 0.000 -0.272 0.952 0.138 0.000 -0.011 -0.147 0.989 0.000 0.000 0.000 0.000 1.000]]
		[0.7333333 [0.962 0.268 0.050 0.000 -0.272 0.952 0.138 0.000 -0.011 -0.147 0.989 0.000 0.000 0.000 0.000 1.000]]
		[0.7666667 [0.962 0.268 0.050 0.000 -0.272 0.952 0.138 0.000 -0.011 -0.147 0.989 0.000 0.000 0.000 0.000 1.000]]
		[0.8 [0.962 0.268 0.050 0.000 -0.272 0.952 0.138 0.000 -0.011 -0.147 0.989 0.000 0.000 0.000 0.000 1.000]]
		[0.8333333 [0.962 0.268 0.050 0.000 -0.272 0.952 0.138 0.000 -0.011 -0.147 0.989 0.000 0.000 0.000 0.000 1.000]]
		[0.8666667 [0.962 0.268 0.050 0.000 -0.272 0.952 0.138 0.000 -0.011 -0.147 0.989 0.000 0.000 0.000 0.000 1.000]]
		[0.9 [0.962 0.268 0.050 0.000 -0.272 0.952 0.138 0.000 -0.011 -0.147 0.989 0.000 0.000 0.000 0.000 1.000]]
		[0.9333333 [0.962 0.268 0.050 0.000 -0.272 0.952 0.138 0.000 -0.011 -0.147 0.989 0.000 0.000 0.000 0.000 1.000]]
		[0.9666666 [0.962 0.268 0.050 0.000 -0.272 0.952 0.138 0.000 -0.011 -0.147 0.989 0.000 0.000 0.000 0.000 1.000]]
	]
	"Koleno_L" [
		[0 [1.000 0.018 -0.014 0.000 -0.020 0.987 -0.158 0.000 0.011 0.158 0.987 0.000 0.001 0.000 -0.001 1.000]]
		[0.03333334 [1.000 0.022 0.015 0.000 -0.019 0.985 -0.171 0.000 -0.019 0.170 0.985 0.000 0.001 0.000 -0.001 1.000]]
		[0.06666667 [0.998 0.027 0.054 0.000 -0.016 0.982 -0.187 0.000 -0.058 0.186 0.981 0.000 0.001 0.000 -0.001 1.000]]
		[0.1 [0.995 0.033 0.092 0.000 -0.013 0.979 -0.204 0.000 -0.097 0.202 0.975 0.000 0.001 0.000 -0.001 1.000]]
		[0.1333333 [0.992 0.039 0.120 0.000 -0.012 0.976 -0.217 0.000 -0.126 0.214 0.969 0.000 0.001 0.000 -0.001 1.000]]
		[0.1666667 [0.991 0.045 0.128 0.000 -0.016 0.974 -0.224 0.000 -0.135 0.220 0.966 0.000 0.001 0.000 -0.001 1.000]]
		[0.2 [0.994 0.050 0.098 0.000 -0.027 0.976 -0.217 0.000 -0.106 0.213 0.971 0.000 0.001 0.000 -0.001 1.000]]
		[0.2333333 [0.998 0.051 0.034 0.000 -0.044 0.980 -0.196 0.000 -0.043 0.194 0.980 0.000 0.001 0.000 -0.001 1.000]]
		[0.2666667 [0.998 0.051 -0.043 0.000 -0.058 0.984 -0.169 0.000 0.034 0.171 0.985 0.000 0.001 0.000 -0.001 1.000]]
		[0.3 [0.993 0.050 -0.110 0.000 -0.065 0.987 -0.144 0.000 0.101 0.151 0.983 0.000 0.001 0.000 -0.001 1.000]]
		[0.3333333 [0.988 0.048 -0.143 0.000 -0.067 0.989 -0.131 0.000 0.136 0.139 0.981 0.000 0.001 0.000 -0.001 1.000]]
		[0.3666667 [0.989 0.046 -0.141 0.000 -0.064 0.989 -0.130 0.000 0.133 0.138 0.981 0.000 0.001 0.000 -0.001 1.000]]
		[0.4 [0.992 0.041 -0.118 0.000 -0.057 0.989 -0.135 0.000 0.111 0.141 0.984 0.000 0.001 0.000 -0.001 1.000]]
		[0.4333333 [0.996 0.035 -0.084 0.000 -0.047 0.989 -0.144 0.000 0.078 0.147 0.986 0.000 0.001 0.000 -0.001 1.000]]
		[0.4666667 [0.999 0.026 -0.046 0.000 -0.033 0.988 -0.152 0.000 0.041 0.153 0.987 0.000 0.001 0.000 -0.001 1.000]]
		[0.5 [1.000 0.018 -0.014 0.000 -0.020 0.987 -0.158 0.000 0.011 0.158 0.987 0.000 0.001 0.000 -0.001 1.000]]
		[0.5333334 [1.000 0.018 -0.014 0.000 -0.020 0.987 -0.158 0.000 0.011 0.158 0.987 0.000 0.001 0.000 -0.001 1.000]]
		[0.5666667 [1.000 0.018 -0.014 0.000 -0.020 0.987 -0.158 0.000 0.011 0.158 0.987 0.000 0.001 0.000 -0.001 1.000]]
		[0.6 [1.000 0.018 -0.014 0.000 -0.020 0.987 -0.158 0.000 0.011 0.158 0.987 0.000 0.001 0.000 -0.001 1.000]]
		[0.6333333 [1.000 0.018 -0.014 0.000 -0.020 0.987 -0.158 0.000 0.011 0.158 0.987 0.000 0.001 0.000 -0.001 1.000]]
		[0.6666667 [1.000 0.018 -0.014 0.000 -0.020 0.987 -0.158 0.000 0.011 0.158 0.987 0.000 0.001 0.000 -0.001 1.000]]
		[0.7 [1.000 0.018 -0.014 0.000 -0.020 0.987 -0.158 0.000 0.011 0.158 0.987 0.000 0.001 0.000 -0.001 1.000]]
		[0.7333333 [1.000 0.018 -0.014 0.000 -0.020 0.987 -0.158 0.000 0.011 0.158 0.987 0.000 0.001 0.000 -0.001 1.000]]
		[0.7666667 [1.000 0.018 -0.014 0.000 -0.020 0.987 -0.158 0.000 0.011 0.158 0.987 0.000 0.001 0.000 -0.001 1.000]]
		[0.8 [1.000 0.018 -0.014 0.000 -0.020 0.987 -0.158 0.000 0.011 0.158 0.987 0.000 0.001 0.000 -0.001 1.000]]
		[0.8333333 [1.000 0.018 -0.014 0.000 -0.020 0.987 -0.158 0.000 0.011 0.158 0.987 0.000 0.001 0.000 -0.001 1.000]]
		[0.8666667 [1.000 0.018 -0.014 0.000 -0.020 0.987 -0.158 0.000 0.011 0.158 0.987 0.000 0.001 0.000 -0.001 1.000]]
		[0.9 [1.000 0.018 -0.014 0.000 -0.020 0.987 -0.158 0.000 0.011 0.158 0.987 0.000 0.001 0.000 -0.001 1.000]]
		[0.9333333 [1.000 0.018 -0.014 0.000 -0.020 0.987 -0.158 0.000 0.011 0.158 0.987 0.000 0.001 0.000 -0.001 1.000]]
		[0.9666666 [1.000 0.018 -0.014 0.000 -0.020 0.987 -0.158 0.000 0.011 0.158 0.987 0.000 0.001 0.000 -0.001 1.000]]
	]
	"Koleno_L_end" [
		[0 [1.000 0.018 -0.014 0.000 -0.020 0.987 -0.158 0.000 0.011 0.158 0.987 0.000 0.001 0.000 -0.002 1.000]]
		[0.03333334 [1.000 0.022 0.015 0.000 -0.019 0.985 -0.171 0.000 -0.019 0.170 0.985 0.000 0.001 0.000 -0.002 1.000]]
		[0.06666667 [0.998 0.027 0.054 0.000 -0.016 0.982 -0.187 0.000 -0.058 0.186 0.981 0.000 0.001 0.000 -0.002 1.000]]
		[0.1 [0.995 0.033 0.092 0.000 -0.013 0.979 -0.204 0.000 -0.097 0.202 0.975 0.000 0.001 0.000 -0.002 1.000]]
		[0.1333333 [0.992 0.039 0.120 0.000 -0.012 0.976 -0.217 0.000 -0.126 0.214 0.969 0.000 0.001 0.000 -0.002 1.000]]
		[0.1666667 [0.991 0.045 0.128 0.000 -0.016 0.974 -0.224 0.000 -0.135 0.220 0.966 0.000 0.001 0.000 -0.002 1.000]]
		[0.2 [0.994 0.050 0.098 0.000 -0.027 0.976 -0.217 0.000 -0.106 0.213 0.971 0.000 0.001 0.000 -0.002 1.000]]
		[0.2333333 [0.998 0.051 0.034 0.000 -0.044 0.980 -0.196 0.000 -0.043 0.194 0.980 0.000 0.001 0.000 -0.002 1.000]]
		[0.2666667 [0.998 0.051 -0.043 0.000 -0.058 0.984 -0.169 0.000 0.034 0.171 0.985 0.000 0.001 0.000 -0.002 1.000]]
		[0.3 [0.993 0.050 -0.110 0.000 -0.065 0.987 -0.144 0.000 0.101 0.151 0.983 0.000 0.001 0.000 -0.002 1.000]]
		[0.3333333 [0.988 0.048 -0.143 0.000 -0.067 0.989 -0.131 0.000 0.136 0.139 0.981 0.000 0.001 0.000 -0.002 1.000]]
		[0.3666667 [0.989 0.046 -0.141 0.000 -0.064 0.989 -0.130 0.000 0.133 0.138 0.981 0.000 0.001 0.000 -0.002 1.000]]
		[0.4 [0.992 0.041 -0.118 0.000 -0.057 0.989 -0.135 0.000 0.111 0.141 0.984 0.000 0.001 0.000 -0.002 1.000]]
		[0.4333333 [0.996 0.035 -0.084 0.000 -0.047 0.989 -0.144 0.000 0.078 0.147 0.986 0.000 0.001 0.000 -0.002 1.000]]
		[0.4666667 [0.999 0.026 -0.046 0.000 -0.033 0.988 -0.152 0.000 0.041 0.153 0.987 0.000 0.001 0.000 -0.002 1.000]]
		[0.5 [1.000 0.018 -0.014 0.000 -0.020 0.987 -0.158 0.000 0.011 0.158 0.987 0.000 0.001 0.000 -0.002 1.000]]
		[0.5333334 [1.000 0.018 -0.014 0.000 -0.020 0.987 -0.158 0.000 0.011 0.158 0.987 0.000 0.001 0.000 -0.002 1.000]]
		[0.5666667 [1.000 0.018 -0.014 0.000 -0.020 0.987 -0.158 0.000 0.011 0.158 0.987 0.000 0.001 0.000 -0.002 1.000]]
		[0.6 [1.000 0.018 -0.014 0.000 -0.020 0.987 -0.158 0.000 0.011 0.158 0.987 0.000 0.001 0.000 -0.002 1.000]]
		[0.6333333 [1.000 0.018 -0.014 0.000 -0.020 0.987 -0.158 0.000 0.011 0.158 0.987 0.000 0.001 0.000 -0.002 1.000]]
		[0.6666667 [1.000 0.018 -0.014 0.000 -0.020 0.987 -0.158 0.000 0.011 0.158 0.987 0.000 0.001 0.000 -0.002 1.000]]
		[0.7 [1.000 0.018 -0.014 0.000 -0.020 0.987 -0.158 0.000 0.011 0.158 0.987 0.000 0.001 0.000 -0.002 1.000]]
		[0.7333333 [1.000 0.018 -0.014 0.000 -0.020 0.987 -0.158 0.000 0.011 0.158 0.987 0.000 0.001 0.000 -0.002 1.000]]
		[0.7666667 [1.000 0.018 -0.014 0.000 -0.020 0.987 -0.158 0.000 0.011 0.158 0.987 0.000 0.001 0.000 -0.002 1.000]]
		[0.8 [1.000 0.018 -0.014 0.000 -0.020 0.987 -0.158 0.000 0.011 0.158 0.987 0.000 0.001 0.000 -0.002 1.000]]
		[0.8333333 [1.000 0.018 -0.014 0.000 -0.020 0.987 -0.158 0.000 0.011 0.158 0.987 0.000 0.001 0.000 -0.002 1.000]]
		[0.8666667 [1.000 0.018 -0.014 0.000 -0.020 0.987 -0.158 0.000 0.011 0.158 0.987 0.000 0.001 0.000 -0.002 1.000]]
		[0.9 [1.000 0.018 -0.014 0.000 -0.020 0.987 -0.158 0.000 0.011 0.158 0.987 0.000 0.001 0.000 -0.002 1.000]]
		[0.9333333 [1.000 0.018 -0.014 0.000 -0.020 0.987 -0.158 0.000 0.011 0.158 0.987 0.000 0.001 0.000 -0.002 1.000]]
		[0.9666666 [1.000 0.018 -0.014 0.000 -0.020 0.987 -0.158 0.000 0.011 0.158 0.987 0.000 0.001 0.000 -0.002 1.000]]
	]
	"Bedro_P" [
		[0 [0.674 0.269 0.688 0.000 -0.027 0.939 -0.342 0.000 -0.738 0.212 0.640 0.000 0.000 0.000 0.000 1.000]]
		[0.03333334 [0.667 0.273 0.693 0.000 -0.029 0.939 -0.342 0.000 -0.744 0.208 0.634 0.000 0.000 0.000 0.000 1.000]]
		[0.06666667 [0.653 0.279 0.704 0.000 -0.032 0.939 -0.343 0.000 -0.756 0.201 0.622 0.000 0.000 0.000 0.000 1.000]]
		[0.1 [0.643 0.284 0.712 0.000 -0.035 0.939 -0.343 0.000 -0.765 0.196 0.613 0.000 0.000 0.000 0.000 1.000]]
		[0.1333333 [0.646 0.282 0.709 0.000 -0.034 0.939 -0.343 0.000 -0.762 0.198 0.616 0.000 0.000 0.000 0.000 1.000]]
		[0.1666667 [0.674 0.269 0.688 0.000 -0.027 0.939 -0.342 0.000 -0.738 0.212 0.640 0.000 0.000 0.000 0.000 1.000]]
		[0.2 [0.742 0.236 0.628 0.000 -0.009 0.939 -0.343 0.000 -0.670 0.249 0.699 0.000 0.000 0.000 0.000 1.000]]
		[0.2333333 [0.830 0.186 0.526 0.000 0.016 0.935 -0.355 0.000 -0.557 0.303 0.773 0.000 0.000 0.000 0.000 1.000]]
		[0.2666667 [0.903 0.134 0.407 0.000 0.035 0.923 -0.382 0.000 -0.427 0.360 0.829 0.000 0.000 0.000 0.000 1.000]]
		[0.3 [0.946 0.095 0.309 0.000 0.043 0.910 -0.413 0.000 -0.320 0.404 0.857 0.000 0.000 0.000 0.000 1.000]]
		[0.3333333 [0.960 0.079 0.268 0.000 0.044 0.903 -0.427 0.000 -0.276 0.421 0.864 0.000 0.000 0.000 0.000 1.000]]
		[0.3666667 [0.949 0.092 0.301 0.000 0.044 0.909 -0.415 0.000 -0.312 0.407 0.858 0.000 0.000 0.000 0.000 1.000]]
		[0.4 [0.914 0.125 0.386 0.000 0.038 0.921 -0.389 0.000 -0.404 0.370 0.837 0.000 0.000 0.000 0.000 1.000]]
		[0.4333333 [0.852 0.172 0.495 0.000 0.022 0.932 -0.361 0.000 -0.524 0.318 0.790 0.000 0.000 0.000 0.000 1.000]]
		[0.4666667 [0.766 0.223 0.603 0.000 -0.002 0.939 -0.345 0.000 -0.643 0.262 0.719 0.000 0.000 0.000 0.000 1.000]]
		[0.5 [0.674 0.269 0.688 0.000 -0.027 0.939 -0.342 0.000 -0.738 0.212 0.640 0.000 0.000 0.000 0.000 1.000]]
		[0.5333334 [0.674 0.269 0.688 0.000 -0.027 0.939 -0.342 0.000 -0.738 0.212 0.640 0.000 0.000 0.000 0.000 1.000]]
		[0.5666667 [0.674 0.269 0.688 0.000 -0.027 0.939 -0.342 0.000 -0.738 0.212 0.640 0.000 0.000 0.000 0.000 1.000]]
		[0.6 [0.674 0.269 0.688 0.000 -0.027 0.939 -0.342 0.000 -0.738 0.212 0.640 0.000 0.000 0.000 0.000 1.000]]
		[0.6333333 [0.674 0.269 0.688 0.000 -0.027 0.939 -0.342 0.000 -0.738 0.212 0.640 0.000 0.000 0.000 0.000 1.000]]
		[0.6666667 [0.674 0.269 0.688 0.000 -0.027 0.939 -0.342 0.000 -0.738 0.212 0.640 0.000 0.000 0.000 0.000 1.000]]
		[0.7 [0.674 0.269 0.688 0.000 -0.027 0.939 -0.342 0.000 -0.738 0.212 0.640 0.000 0.000 0.000 0.000 1.000]]
		[0.7333333 [0.674 0.269 0.688 0.000 -0.027 0.939 -0.342 0.000 -0.738 0.212 0.640 0.000 0.000 0.000 0.000 1.000]]
		[0.7666667 [0.674 0.269 0.688 0.000 -0.027 0.939 -0.342 0.000 -0.738 0.212 0.640 0.000 0.000 0.000 0.000 1.000]]
		[0.8 [0.674 0.269 0.688 0.000 -0.027 0.939 -0.342 0.000 -0.738 0.212 0.640 0.000 0.000 0.000 0.000 1.000]]
		[0.8333333 [0.674 0.269 0.688 0.000 -0.027 0.939 -0.342 0.000 -0.738 0.212 0.640 0.000 0.000 0.000 0.000 1.000]]
		[0.8666667 [0.674 0.269 0.688 0.000 -0.027 0.939 -0.342 0.000 -0.738 0.212 0.640 0.000 0.000 0.000 0.000 1.000]]
		[0.9 [0.674 0.269 0.688 0.000 -0.027 0.939 -0.342 0.000 -0.738 0.212 0.640 0.000 0.000 0.000 0.000 1.000]]
		[0.9333333 [0.674 0.269 0.688 0.000 -0.027 0.939 -0.342 0.000 -0.738 0.212 0.640 0.000 0.000 0.000 0.000 1.000]]
		[0.9666666 [0.674 0.269 0.688 0.000 -0.027 0.939 -0.342 0.000 -0.738 0.212 0.640 0.000 0.000 0.000 0.000 1.000]]
	]
	"Koleno_P" [
		[0 [0.632 0.055 0.773 0.000 -0.121 0.992 0.029 0.000 -0.765 -0.112 0.634 0.000 0.000 0.000 0.002 1.000]]
		[0.03333334 [0.624 0.072 0.778 0.000 -0.129 0.992 0.011 0.000 -0.771 -0.107 0.628 0.000 0.000 0.000 0.002 1.000]]
		[0.06666667 [0.609 0.091 0.788 0.000 -0.133 0.991 -0.011 0.000 -0.782 -0.098 0.616 0.000 0.000 0.000 0.002 1.000]]
		[0.1 [0.597 0.113 0.794 0.000 -0.141 0.989 -0.034 0.000 -0.790 -0.092 0.607 0.000 0.000 0.000 0.002 1.000]]
		[0.1333333 [0.596 0.140 0.791 0.000 -0.160 0.986 -0.054 0.000 -0.787 -0.094 0.610 0.000 0.000 0.000 0.002 1.000]]
		[0.1666667 [0.613 0.173 0.771 0.000 -0.196 0.979 -0.064 0.000 -0.765 -0.112 0.634 0.000 0.000 0.000 0.002 1.000]]
		[0.2 [0.660 0.216 0.720 0.000 -0.264 0.963 -0.048 0.000 -0.704 -0.158 0.693 0.000 0.000 0.000 0.002 1.000]]
		[0.2333333 [0.719 0.265 0.642 0.000 -0.350 0.937 0.006 0.000 -0.600 -0.229 0.767 0.000 0.000 0.000 0.002 1.000]]
		[0.2666667 [0.769 0.306 0.561 0.000 -0.422 0.902 0.087 0.000 -0.480 -0.304 0.823 0.000 0.000 0.000 0.002 1.000]]
		[0.3 [0.801 0.331 0.499 0.000 -0.463 0.871 0.165 0.000 -0.380 -0.363 0.851 0.000 0.000 0.000 0.002 1.000]]
		[0.3333333 [0.815 0.335 0.473 0.000 -0.471 0.859 0.202 0.000 -0.339 -0.387 0.857 0.000 0.000 0.000 0.002 1.000]]
		[0.3666667 [0.813 0.313 0.491 0.000 -0.447 0.876 0.182 0.000 -0.373 -0.368 0.852 0.000 0.000 0.000 0.002 1.000]]
		[0.4 [0.798 0.266 0.541 0.000 -0.393 0.910 0.132 0.000 -0.458 -0.318 0.830 0.000 0.000 0.000 0.002 1.000]]
		[0.4333333 [0.762 0.199 0.616 0.000 -0.310 0.948 0.076 0.000 -0.569 -0.249 0.784 0.000 0.000 0.000 0.002 1.000]]
		[0.4666667 [0.703 0.124 0.700 0.000 -0.212 0.977 0.039 0.000 -0.679 -0.176 0.713 0.000 0.000 0.000 0.002 1.000]]
		[0.5 [0.632 0.055 0.773 0.000 -0.121 0.992 0.029 0.000 -0.765 -0.112 0.634 0.000 0.000 0.000 0.002 1.000]]
		[0.5333334 [0.632 0.055 0.773 0.000 -0.121 0.992 0.029 0.000 -0.765 -0.112 0.634 0.000 0.000 0.000 0.002 1.000]]
		[0.5666667 [0.632 0.055 0.773 0.000 -0.121 0.992 0.029 0.000 -0.765 -0.112 0.634 0.000 0.000 0.000 0.002 1.000]]
		[0.6 [0.632 0.055 0.773 0.000 -0.121 0.992 0.029 0.000 -0.765 -0.112 0.634 0.000 0.000 0.000 0.002 1.000]]
		[0.6333333 [0.632 0.055 0.773 0.000 -0.121 0.992 0.029 0.000 -0.765 -0.112 0.634 0.000 0.000 0.000 0.002 1.000]]
		[0.6666667 [0.632 0.055 0.773 0.000 -0.121 0.992 0.029 0.000 -0.765 -0.112 0.634 0.000 0.000 0.000 0.002 1.000]]
		[0.7 [0.632 0.055 0.773 0.000 -0.121 0.992 0.029 0.000 -0.765 -0.112 0.634 0.000 0.000 0.000 0.002 1.000]]
		[0.7333333 [0.632 0.055 0.773 0.000 -0.121 0.992 0.029 0.000 -0.765 -0.112 0.634 0.000 0.000 0.000 0.002 1.000]]
		[0.7666667 [0.632 0.055 0.773 0.000 -0.121 0.992 0.029 0.000 -0.765 -0.112 0.634 0.000 0.000 0.000 0.002 1.000]]
		[0.8 [0.632 0.055 0.773 0.000 -0.121 0.992 0.029 0.000 -0.765 -0.112 0.634 0.000 0.000 0.000 0.002 1.000]]
		[0.8333333 [0.632 0.055 0.773 0.000 -0.121 0.992 0.029 0.000 -0.765 -0.112 0.634 0.000 0.000 0.000 0.002 1.000]]
		[0.8666667 [0.632 0.055 0.773 0.000 -0.121 0.992 0.029 0.000 -0.765 -0.112 0.634 0.000 0.000 0.000 0.002 1.000]]
		[0.9 [0.632 0.055 0.773 0.000 -0.121 0.992 0.029 0.000 -0.765 -0.112 0.634 0.000 0.000 0.000 0.002 1.000]]
		[0.9333333 [0.632 0.055 0.773 0.000 -0.121 0.992 0.029 0.000 -0.765 -0.112 0.634 0.000 0.000 0.000 0.002 1.000]]
		[0.9666666 [0.632 0.055 0.773 0.000 -0.121 0.992 0.029 0.000 -0.765 -0.112 0.634 0.000 0.000 0.000 0.002 1.000]]
	]
	"Koleno_P_end" [
		[0 [0.632 0.055 0.773 0.000 -0.121 0.992 0.029 0.000 -0.765 -0.112 0.634 0.000 -0.001 0.000 0.002 1.000]]
		[0.03333334 [0.624 0.072 0.778 0.000 -0.129 0.992 0.011 0.000 -0.771 -0.107 0.628 0.000 -0.001 0.000 0.002 1.000]]
		[0.06666667 [0.609 0.091 0.788 0.000 -0.133 0.991 -0.011 0.000 -0.782 -0.098 0.616 0.000 -0.001 0.000 0.002 1.000]]
		[0.1 [0.597 0.113 0.794 0.000 -0.141 0.989 -0.034 0.000 -0.790 -0.092 0.607 0.000 -0.001 0.000 0.002 1.000]]
		[0.1333333 [0.596 0.140 0.791 0.000 -0.160 0.986 -0.054 0.000 -0.787 -0.094 0.610 0.000 -0.001 0.000 0.002 1.000]]
		[0.1666667 [0.613 0.173 0.771 0.000 -0.196 0.979 -0.064 0.000 -0.765 -0.112 0.634 0.000 -0.001 0.000 0.001 1.000]]
		[0.2 [0.660 0.216 0.720 0.000 -0.264 0.963 -0.048 0.000 -0.704 -0.158 0.693 0.000 -0.002 0.000 0.002 1.000]]
		[0.2333333 [0.719 0.265 0.642 0.000 -0.350 0.937 0.006 0.000 -0.600 -0.229 0.767 0.000 -0.002 0.000 0.002 1.000]]
		[0.2666667 [0.769 0.306 0.561 0.000 -0.422 0.902 0.087 0.000 -0.480 -0.304 0.823 0.000 -0.003 -0.001 0.003 1.000]]
		[0.3 [0.801 0.331 0.499 0.000 -0.463 0.871 0.165 0.000 -0.380 -0.363 0.851 0.000 -0.003 -0.001 0.003 1.000]]
		[0.3333333 [0.815 0.335 0.473 0.000 -0.471 0.859 0.202 0.000 -0.339 -0.387 0.857 0.000 -0.003 -0.001 0.003 1.000]]
		[0.3666667 [0.813 0.313 0.491 0.000 -0.447 0.876 0.182 0.000 -0.373 -0.368 0.852 0.000 -0.003 -0.001 0.003 1.000]]
		[0.4 [0.798 0.266 0.541 0.000 -0.393 0.910 0.132 0.000 -0.458 -0.318 0.830 0.000 -0.003 -0.001 0.003 1.000]]
		[0.4333333 [0.762 0.199 0.616 0.000 -0.310 0.948 0.076 0.000 -0.569 -0.249 0.784 0.000 -0.002 0.000 0.002 1.000]]
		[0.4666667 [0.703 0.124 0.700 0.000 -0.212 0.977 0.039 0.000 -0.679 -0.176 0.713 0.000 -0.001 0.000 0.002 1.000]]
		[0.5 [0.632 0.055 0.773 0.000 -0.121 0.992 0.029 0.000 -0.765 -0.112 0.634 0.000 -0.001 0.000 0.002 1.000]]
		[0.5333334 [0.632 0.055 0.773 0.000 -0.121 0.992 0.029 0.000 -0.765 -0.112 0.634 0.000 -0.001 0.000 0.002 1.000]]
		[0.5666667 [0.632 0.055 0.773 0.000 -0.121 0.992 0.029 0.000 -0.765 -0.112 0.634 0.000 -0.001 0.000 0.002 1.000]]
		[0.6 [0.632 0.055 0.773 0.000 -0.121 0.992 0.029 0.000 -0.765 -0.112 0.634 0.000 -0.001 0.000 0.002 1.000]]
		[0.6333333 [0.632 0.055 0.773 0.000 -0.121 0.992 0.029 0.000 -0.765 -0.112 0.634 0.000 -0.001 0.000 0.002 1.000]]
		[0.6666667 [0.632 0.055 0.773 0.000 -0.121 0.992 0.029 0.000 -0.765 -0.112 0.634 0.000 -0.001 0.000 0.002 1.000]]
		[0.7 [0.632 0.055 0.773 0.000 -0.121 0.992 0.029 0.000 -0.765 -0.112 0.634 0.000 -0.001 0.000 0.002 1.000]]
		[0.7333333 [0.632 0.055 0.773 0.000 -0.121 0.992 0.029 0.000 -0.765 -0.112 0.634 0.000 -0.001 0.000 0.002 1.000]]
		[0.7666667 [0.632 0.055 0.773 0.000 -0.121 0.992 0.029 0.000 -0.765 -0.112 0.634 0.000 -0.001 0.000 0.002 1.000]]
		[0.8 [0.632 0.055 0.773 0.000 -0.121 0.992 0.029 0.000 -0.765 -0.112 0.634 0.000 -0.001 0.000 0.002 1.000]]
		[0.8333333 [0.632 0.055 0.773 0.000 -0.121 0.992 0.029 0.000 -0.765 -0.112 0.634 0.000 -0.001 0.000 0.002 1.000]]
		[0.8666667 [0.632 0.055 0.773 0.000 -0.121 0.992 0.029 0.000 -0.765 -0.112 0.634 0.000 -0.001 0.000 0.002 1.000]]
		[0.9 [0.632 0.055 0.773 0.000 -0.121 0.992 0.029 0.000 -0.765 -0.112 0.634 0.000 -0.001 0.000 0.002 1.000]]
		[0.9333333 [0.632 0.055 0.773 0.000 -0.121 0.992 0.029 0.000 -0.765 -0.112 0.634 0.000 -0.001 0.000 0.002 1.000]]
		[0.9666666 [0.632 0.055 0.773 0.000 -0.121 0.992 0.029 0.000 -0.765 -0.112 0.634 0.000 -0.001 0.000 0.002 1.000]]
	]
	"Tors" [
		[0 [1.000 0.000 0.000 0.000 0.000 0.940 -0.342 0.000 0.000 0.342 0.940 0.000 0.000 0.000 0.000 1.000]]
		[0.03333334 [0.992 0.000 -0.129 0.000 -0.044 0.940 -0.339 0.000 0.122 0.342 0.932 0.000 0.000 0.000 0.000 1.000]]
		[0.06666667 [0.960 0.000 -0.281 0.000 -0.096 0.940 -0.328 0.000 0.264 0.342 0.902 0.000 0.000 0.000 0.000 1.000]]
		[0.1 [0.910 0.000 -0.414 0.000 -0.142 0.940 -0.311 0.000 0.389 0.342 0.855 0.000 0.000 0.000 0.000 1.000]]
		[0.1333333 [0.868 0.000 -0.496 0.000 -0.170 0.940 -0.297 0.000 0.466 0.342 0.816 0.000 0.000 0.000 0.000 1.000]]
		[0.1666667 [0.866 0.000 -0.500 0.000 -0.171 0.940 -0.296 0.000 0.470 0.342 0.814 0.000 0.000 0.000 0.000 1.000]]
		[0.2 [0.925 0.000 -0.380 0.000 -0.130 0.940 -0.316 0.000 0.357 0.342 0.869 0.000 0.000 0.000 0.000 1.000]]
		[0.2333333 [0.990 0.000 -0.142 0.000 -0.049 0.940 -0.339 0.000 0.134 0.342 0.930 0.000 0.000 0.000 0.000 1.000]]
		[0.2666667 [0.990 0.000 0.141 0.000 0.048 0.940 -0.339 0.000 -0.133 0.342 0.930 0.000 0.000 0.000 0.000 1.000]]
		[0.3 [0.925 0.000 0.379 0.000 0.130 0.940 -0.317 0.000 -0.356 0.342 0.870 0.000 0.000 0.000 0.000 1.000]]
		[0.3333333 [0.867 0.000 0.499 0.000 0.171 0.940 -0.296 0.000 -0.469 0.342 0.814 0.000 0.000 0.000 0.000 1.000]]
		[0.3666667 [0.869 0.000 0.495 0.000 0.169 0.940 -0.297 0.000 -0.466 0.342 0.816 0.000 0.000 0.000 0.000 1.000]]
		[0.4 [0.910 0.000 0.414 0.000 0.141 0.940 -0.311 0.000 -0.389 0.342 0.856 0.000 0.000 0.000 0.000 1.000]]
		[0.4333333 [0.960 0.000 0.280 0.000 0.096 0.940 -0.328 0.000 -0.264 0.342 0.902 0.000 0.000 0.000 0.000 1.000]]
		[0.4666667 [0.992 0.000 0.129 0.000 0.044 0.940 -0.339 0.000 -0.121 0.342 0.932 0.000 0.000 0.000 0.000 1.000]]
		[0.5 [1.000 0.000 0.000 0.000 0.000 0.940 -0.342 0.000 0.000 0.342 0.940 0.000 0.000 0.000 0.000 1.000]]
		[0.5333334 [1.000 0.000 0.000 0.000 0.000 0.940 -0.342 0.000 0.000 0.342 0.940 0.000 0.000 0.000 0.000 1.000]]
		[0.5666667 [1.000 0.000 0.000 0.000 0.000 0.940 -0.342 0.000 0.000 0.342 0.940 0.000 0.000 0.000 0.000 1.000]]
		[0.6 [1.000 0.000 0.000 0.000 0.000 0.940 -0.342 0.000 0.000 0.342 0.940 0.000 0.000 0.000 0.000 1.000]]
		[0.6333333 [1.000 0.000 0.000 0.000 0.000 0.940 -0.342 0.000 0.000 0.342 0.940 0.000 0.000 0.000 0.000 1.000]]
		[0.6666667 [1.000 0.000 0.000 0.000 0.000 0.940 -0.342 0.000 0.000 0.342 0.940 0.000 0.000 0.000 0.000 1.000]]
		[0.7 [1.000 0.000 0.000 0.000 0.000 0.940 -0.342 0.000 0.000 0.342 0.940 0.000 0.000 0.000 0.000 1.000]]
		[0.7333333 [1.000 0.000 0.000 0.000 0.000 0.940 -0.342 0.000 0.000 0.342 0.940 0.000 0.000 0.000 0.000 1.000]]
		[0.7666667 [1.000 0.000 0.000 0.000 0.000 0.940 -0.342 0.000 0.000 0.342 0.940 0.000 0.000 0.000 0.000 1.000]]
		[0.8 [1.000 0.000 0.000 0.000 0.000 0.940 -0.342 0.000 0.000 0.342 0.940 0.000 0.000 0.000 0.000 1.000]]
		[0.8333333 [1.000 0.000 0.000 0.000 0.000 0.940 -0.342 0.000 0.000 0.342 0.940 0.000 0.000 0.000 0.000 1.000]]
		[0.8666667 [1.000 0.000 0.000 0.000 0.000 0.940 -0.342 0.000 0.000 0.342 0.940 0.000 0.000 0.000 0.000 1.000]]
		[0.9 [1.000 0.000 0.000 0.000 0.000 0.940 -0.342 0.000 0.000 0.342 0.940 0.000 0.000 0.000 0.000 1.000]]
		[0.9333333 [1.000 0.000 0.000 0.000 0.000 0.940 -0.342 0.000 0.000 0.342 0.940 0.000 0.000 0.000 0.000 1.000]]
		[0.9666666 [1.000 0.000 0.000 0.000 0.000 0.940 -0.342 0.000 0.000 0.342 0.940 0.000 0.000 0.000 0.000 1.000]]
	]
	"Golova" [
		[0 [1.000 0.000 0.000 0.000 0.000 1.000 0.000 0.000 0.000 0.000 1.000 0.000 0.000 -0.001 -0.002 1.000]]
		[0.03333334 [1.000 0.001 -0.008 0.000 -0.001 1.000 0.003 0.000 0.008 -0.003 1.000 0.000 0.000 -0.001 -0.002 1.000]]
		[0.06666667 [1.000 0.001 -0.018 0.000 -0.001 1.000 0.013 0.000 0.018 -0.013 1.000 0.000 -0.001 -0.001 -0.002 1.000]]
		[0.1 [1.000 0.000 -0.027 0.000 0.001 1.000 0.029 0.000 0.027 -0.029 0.999 0.000 -0.001 -0.001 -0.002 1.000]]
		[0.1333333 [0.999 -0.002 -0.034 0.000 0.004 0.999 0.042 0.000 0.034 -0.042 0.999 0.000 -0.001 -0.001 -0.002 1.000]]
		[0.1666667 [0.999 -0.003 -0.034 0.000 0.004 0.999 0.043 0.000 0.034 -0.043 0.998 0.000 -0.001 -0.001 -0.002 1.000]]
		[0.2 [1.000 0.000 -0.025 0.000 0.000 1.000 0.024 0.000 0.025 -0.024 0.999 0.000 -0.001 -0.001 -0.002 1.000]]
		[0.2333333 [1.000 0.001 -0.009 0.000 -0.001 1.000 0.003 0.000 0.009 -0.003 1.000 0.000 0.000 -0.001 -0.002 1.000]]
		[0.2666667 [1.000 -0.001 0.009 0.000 0.001 1.000 0.003 0.000 -0.009 -0.003 1.000 0.000 0.000 -0.001 -0.002 1.000]]
		[0.3 [1.000 0.000 0.024 0.000 0.000 1.000 0.024 0.000 -0.024 -0.024 0.999 0.000 0.001 -0.001 -0.002 1.000]]
		[0.3333333 [0.999 0.002 0.034 0.000 -0.004 0.999 0.043 0.000 -0.034 -0.043 0.999 0.000 0.001 -0.001 -0.002 1.000]]
		[0.3666667 [0.999 0.002 0.034 0.000 -0.004 0.999 0.042 0.000 -0.034 -0.042 0.999 0.000 0.001 -0.001 -0.002 1.000]]
		[0.4 [1.000 0.000 0.027 0.000 -0.001 1.000 0.029 0.000 -0.027 -0.029 0.999 0.000 0.001 -0.001 -0.002 1.000]]
		[0.4333333 [1.000 -0.001 0.018 0.000 0.001 1.000 0.013 0.000 -0.018 -0.013 1.000 0.000 0.001 -0.001 -0.002 1.000]]
		[0.4666667 [1.000 -0.001 0.008 0.000 0.001 1.000 0.003 0.000 -0.008 -0.003 1.000 0.000 0.000 -0.001 -0.002 1.000]]
		[0.5 [1.000 0.000 0.000 0.000 0.000 1.000 0.000 0.000 0.000 0.000 1.000 0.000 0.000 -0.001 -0.002 1.000]]
		[0.5333334 [1.000 0.000 0.000 0.000 0.000 1.000 0.000 0.000 0.000 0.000 1.000 0.000 0.000 -0.001 -0.002 1.000]]
		[0.5666667 [1.000 0.000 0.000 0.000 0.000 1.000 0.000 0.000 0.000 0.000 1.000 0.000 0.000 -0.001 -0.002 1.000]]
		[0.6 [1.000 0.000 0.000 0.000 0.000 1.000 0.000 0.000 0.000 0.000 1.000 0.000 0.000 -0.001 -0.002 1.000]]
		[0.6333333 [1.000 0.000 0.000 0.000 0.000 1.000 0.000 0.000 0.000 0.000 1.000 0.000 0.000 -0.001 -0.002 1.000]]
		[0.6666667 [1.000 0.000 0.000 0.000 0.000 1.000 0.000 0.000 0.000 0.000 1.000 0.000 0.000 -0.001 -0.002 1.000]]
		[0.7 [1.000 0.000 0.000 0.000 0.000 1.000 0.000 0.000 0.000 0.000 1.000 0.000 0.000 -0.001 -0.002 1.000]]
		[0.7333333 [1.000 0.000 0.000 0.000 0.000 1.000 0.000 0.000 0.000 0.000 1.000 0.000 0.000 -0.001 -0.002 1.000]]
		[0.7666667 [1.000 0.000 0.000 0.000 0.000 1.000 0.000 0.000 0.000 0.000 1.000 0.000 0.000 -0.001 -0.002 1.000]]
		[0.8 [1.000 0.000 0.000 0.000 0.000 1.000 0.000 0.000 0.000 0.000 1.000 0.000 0.000 -0.001 -0.002 1.000]]
		[0.8333333 [1.000 0.000 0.000 0.000 0.000 1.000 0.000 0.000 0.000 0.000 1.000 0.000 0.000 -0.001 -0.002 1.000]]
		[0.8666667 [1.000 0.000 0.000 0.000 0.000 1.000 0.000 0.000 0.000 0.000 1.000 0.000 0.000 -0.001 -0.002 1.000]]
		[0.9 [1.000 0.000 0.000 0.000 0.000 1.000 0.000 0.000 0.000 0.000 1.000 0.000 0.000 -0.001 -0.002 1.000]]
		[0.9333333 [1.000 0.000 0.000 0.000 0.000 1.000 0.000 0.000 0.000 0.000 1.000 0.000 0.000 -0.001 -0.002 1.000]]
		[0.9666666 [1.000 0.000 0.000 0.000 0.000 1.000 0.000 0.000 0.000 0.000 1.000 0.000 0.000 -0.001 -0.002 1.000]]
	]
	"Golova_end" [
		[0 [1.000 0.000 0.000 0.000 0.000 1.000 0.000 0.000 0.000 0.000 1.000 0.000 0.000 -0.001 -0.002 1.000]]
		[0.03333334 [1.000 0.001 -0.008 0.000 -0.001 1.000 0.003 0.000 0.008 -0.003 1.000 0.000 0.000 -0.001 -0.002 1.000]]
		[0.06666667 [1.000 0.001 -0.018 0.000 -0.001 1.000 0.013 0.000 0.018 -0.013 1.000 0.000 -0.001 -0.001 -0.002 1.000]]
		[0.1 [1.000 0.000 -0.027 0.000 0.001 1.000 0.029 0.000 0.027 -0.029 0.999 0.000 -0.001 -0.001 -0.002 1.000]]
		[0.1333333 [0.999 -0.002 -0.034 0.000 0.004 0.999 0.042 0.000 0.034 -0.042 0.999 0.000 -0.001 -0.001 -0.002 1.000]]
		[0.1666667 [0.999 -0.003 -0.034 0.000 0.004 0.999 0.043 0.000 0.034 -0.043 0.998 0.000 -0.001 -0.001 -0.002 1.000]]
		[0.2 [1.000 0.000 -0.025 0.000 0.000 1.000 0.024 0.000 0.025 -0.024 0.999 0.000 -0.001 -0.001 -0.002 1.000]]
		[0.2333333 [1.000 0.001 -0.009 0.000 -0.001 1.000 0.003 0.000 0.009 -0.003 1.000 0.000 0.000 -0.001 -0.002 1.000]]
		[0.2666667 [1.000 -0.001 0.009 0.000 0.001 1.000 0.003 0.000 -0.009 -0.003 1.000 0.000 0.000 -0.001 -0.002 1.000]]
		[0.3 [1.000 0.000 0.024 0.000 0.000 1.000 0.024 0.000 -0.024 -0.024 0.999 0.000 0.001 -0.001 -0.002 1.000]]
		[0.3333333 [0.999 0.002 0.034 0.000 -0.004 0.999 0.043 0.000 -0.034 -0.043 0.999 0.000 0.001 -0.001 -0.002 1.000]]
		[0.3666667 [0.999 0.002 0.034 0.000 -0.004 0.999 0.042 0.000 -0.034 -0.042 0.999 0.000 0.001 -0.001 -0.002 1.000]]
		[0.4 [1.000 0.000 0.027 0.000 -0.001 1.000 0.029 0.000 -0.027 -0.029 0.999 0.000 0.001 -0.001 -0.002 1.000]]
		[0.4333333 [1.000 -0.001 0.018 0.000 0.001 1.000 0.013 0.000 -0.018 -0.013 1.000 0.000 0.001 -0.001 -0.002 1.000]]
		[0.4666667 [1.000 -0.001 0.008 0.000 0.001 1.000 0.003 0.000 -0.008 -0.003 1.000 0.000 0.000 -0.001 -0.002 1.000]]
		[0.5 [1.000 0.000 0.000 0.000 0.000 1.000 0.000 0.000 0.000 0.000 1.000 0.000 0.000 -0.001 -0.002 1.000]]
		[0.5333334 [1.000 0.000 0.000 0.000 0.000 1.000 0.000 0.000 0.000 0.000 1.000 0.000 0.000 -0.001 -0.002 1.000]]
		[0.5666667 [1.000 0.000 0.000 0.000 0.000 1.000 0.000 0.000 0.000 0.000 1.000 0.000 0.000 -0.001 -0.002 1.000]]
		[0.6 [1.000 0.000 0.000 0.000 0.000 1.000 0.000 0.000 0.000 0.000 1.000 0.000 0.000 -0.001 -0.002 1.000]]
		[0.6333333 [1.000 0.000 0.000 0.000 0.000 1.000 0.000 0.000 0.000 0.000 1.000 0.000 0.000 -0.001 -0.002 1.000]]
		[0.6666667 [1.000 0.000 0.000 0.000 0.000 1.000 0.000 0.000 0.000 0.000 1.000 0.000 0.000 -0.001 -0.002 1.000]]
		[0.7 [1.000 0.000 0.000 0.000 0.000 1.000 0.000 0.000 0.000 0.000 1.000 0.000 0.000 -0.001 -0.002 1.000]]
		[0.7333333 [1.000 0.000 0.000 0.000 0.000 1.000 0.000 0.000 0.000 0.000 1.000 0.000 0.000 -0.001 -0.002 1.000]]
		[0.7666667 [1.000 0.000 0.000 0.000 0.000 1.000 0.000 0.000 0.000 0.000 1.000 0.000 0.000 -0.001 -0.002 1.000]]
		[0.8 [1.000 0.000 0.000 0.000 0.000 1.000 0.000 0.000 0.000 0.000 1.000 0.000 0.000 -0.001 -0.002 1.000]]
		[0.8333333 [1.000 0.000 0.000 0.000 0.000 1.000 0.000 0.000 0.000 0.000 1.000 0.000 0.000 -0.001 -0.002 1.000]]
		[0.8666667 [1.000 0.000 0.000 0.000 0.000 1.000 0.000 0.000 0.000 0.000 1.000 0.000 0.000 -0.001 -0.002 1.000]]
		[0.9 [1.000 0.000 0.000 0.000 0.000 1.000 0.000 0.000 0.000 0.000 1.000 0.000 0.000 -0.001 -0.002 1.000]]
		[0.9333333 [1.000 0.000 0.000 0.000 0.000 1.000 0.000 0.000 0.000 0.000 1.000 0.000 0.000 -0.001 -0.002 1.000]]
		[0.9666666 [1.000 0.000 0.000 0.000 0.000 1.000 0.000 0.000 0.000 0.000 1.000 0.000 0.000 -0.001 -0.002 1.000]]
	]
	"Kluchitsa_L" [
		[0 [0.940 0.000 0.342 0.000 0.000 1.000 0.000 0.000 -0.342 0.000 0.940 0.000 -0.002 0.000 -0.001 1.000]]
		[0.03333334 [0.932 0.122 0.342 0.000 -0.129 0.992 0.000 0.000 -0.339 -0.044 0.940 0.000 -0.002 0.000 -0.001 1.000]]
		[0.06666667 [0.902 0.264 0.342 0.000 -0.281 0.960 0.000 0.000 -0.328 -0.096 0.940 0.000 -0.002 0.000 -0.001 1.000]]
		[0.1 [0.855 0.389 0.342 0.000 -0.414 0.910 0.000 0.000 -0.311 -0.142 0.940 0.000 -0.001 -0.001 -0.001 1.000]]
		[0.1333333 [0.816 0.466 0.342 0.000 -0.496 0.868 0.000 0.000 -0.297 -0.170 0.940 0.000 -0.001 -0.001 -0.001 1.000]]
		[0.1666667 [0.814 0.470 0.342 0.000 -0.500 0.866 0.000 0.000 -0.296 -0.171 0.940 0.000 -0.001 -0.001 -0.001 1.000]]
		[0.2 [0.869 0.357 0.342 0.000 -0.380 0.925 0.000 0.000 -0.316 -0.130 0.940 0.000 -0.001 -0.001 -0.001 1.000]]
		[0.2333333 [0.930 0.134 0.342 0.000 -0.142 0.990 0.000 0.000 -0.339 -0.049 0.940 0.000 -0.002 0.000 -0.001 1.000]]
		[0.2666667 [0.930 -0.133 0.342 0.000 0.141 0.990 0.000 0.000 -0.339 0.048 0.940 0.000 -0.002 0.000 -0.001 1.000]]
		[0.3 [0.870 -0.356 0.342 0.000 0.379 0.925 0.000 0.000 -0.317 0.130 0.940 0.000 -0.001 0.001 -0.001 1.000]]
		[0.3333333 [0.814 -0.469 0.342 0.000 0.499 0.867 0.000 0.000 -0.296 0.171 0.940 0.000 -0.001 0.001 -0.001 1.000]]
		[0.3666667 [0.816 -0.466 0.342 0.000 0.495 0.869 0.000 0.000 -0.297 0.169 0.940 0.000 -0.001 0.001 -0.001 1.000]]
		[0.4 [0.856 -0.389 0.342 0.000 0.414 0.910 0.000 0.000 -0.311 0.141 0.940 0.000 -0.001 0.001 -0.001 1.000]]
		[0.4333333 [0.902 -0.264 0.342 0.000 0.280 0.960 0.000 0.000 -0.328 0.096 0.940 0.000 -0.002 0.000 -0.001 1.000]]
		[0.4666667 [0.932 -0.121 0.342 0.000 0.129 0.992 0.000 0.000 -0.339 0.044 0.940 0.000 -0.002 0.000 -0.001 1.000]]
		[0.5 [0.940 0.000 0.342 0.000 0.000 1.000 0.000 0.000 -0.342 0.000 0.940 0.000 -0.002 0.000 -0.001 1.000]]
		[0.5333334 [0.940 0.000 0.342 0.000 0.000 1.000 0.000 0.000 -0.342 0.000 0.940 0.000 -0.002 0.000 -0.001 1.000]]
		[0.5666667 [0.940 0.000 0.342 0.000 0.000 1.000 0.000 0.000 -0.342 0.000 0.940 0.000 -0.002 0.000 -0.001 1.000]]
		[0.6 [0.940 0.000 0.342 0.000 0.000 1.000 0.000 0.000 -0.342 0.000 0.940 0.000 -0.002 0.000 -0.001 1.000]]
		[0.6333333 [0.940 0.000 0.342 0.000 0.000 1.000 0.000 0.000 -0.342 0.000 0.940 0.000 -0.002 0.000 -0.001 1.000]]
		[0.6666667 [0.940 0.000 0.342 0.000 0.000 1.000 0.000 0.000 -0.342 0.000 0.940 0.000 -0.002 0.000 -0.001 1.000]]
		[0.7 [0.940 0.000 0.342 0.000 0.000 1.000 0.000 0.000 -0.342 0.000 0.940 0.000 -0.002 0.000 -0.001 1.000]]
		[0.7333333 [0.940 0.000 0.342 0.000 0.000 1.000 0.000 0.000 -0.342 0.000 0.940 0.000 -0.002 0.000 -0.001 1.000]]
		[0.7666667 [0.940 0.000 0.342 0.000 0.000 1.000 0.000 0.000 -0.342 0.000 0.940 0.000 -0.002 0.000 -0.001 1.000]]
		[0.8 [0.940 0.000 0.342 0.000 0.000 1.000 0.000 0.000 -0.342 0.000 0.940 0.000 -0.002 0.000 -0.001 1.000]]
		[0.8333333 [0.940 0.000 0.342 0.000 0.000 1.000 0.000 0.000 -0.342 0.000 0.940 0.000 -0.002 0.000 -0.001 1.000]]
		[0.8666667 [0.940 0.000 0.342 0.000 0.000 1.000 0.000 0.000 -0.342 0.000 0.940 0.000 -0.002 0.000 -0.001 1.000]]
		[0.9 [0.940 0.000 0.342 0.000 0.000 1.000 0.000 0.000 -0.342 0.000 0.940 0.000 -0.002 0.000 -0.001 1.000]]
		[0.9333333 [0.940 0.000 0.342 0.000 0.000 1.000 0.000 0.000 -0.342 0.000 0.940 0.000 -0.002 0.000 -0.001 1.000]]
		[0.9666666 [0.940 0.000 0.342 0.000 0.000 1.000 0.000 0.000 -0.342 0.000 0.940 0.000 -0.002 0.000 -0.001 1.000]]
	]
	"Kluchitsa_L_end" [
		[0 [0.940 0.000 0.342 0.000 0.000 1.000 0.000 0.000 -0.342 0.000 0.940 0.000 -0.002 0.000 -0.001 1.000]]
		[0.03333334 [0.932 0.122 0.342 0.000 -0.129 0.992 0.000 0.000 -0.339 -0.044 0.940 0.000 -0.002 0.000 -0.001 1.000]]
		[0.06666667 [0.902 0.264 0.342 0.000 -0.281 0.960 0.000 0.000 -0.328 -0.096 0.940 0.000 -0.002 -0.001 -0.001 1.000]]
		[0.1 [0.855 0.389 0.342 0.000 -0.414 0.910 0.000 0.000 -0.311 -0.142 0.940 0.000 -0.003 -0.001 -0.001 1.000]]
		[0.1333333 [0.816 0.466 0.342 0.000 -0.496 0.868 0.000 0.000 -0.297 -0.170 0.940 0.000 -0.003 -0.001 -0.001 1.000]]
		[0.1666667 [0.814 0.470 0.342 0.000 -0.500 0.866 0.000 0.000 -0.296 -0.171 0.940 0.000 -0.003 -0.001 -0.001 1.000]]
		[0.2 [0.869 0.357 0.342 0.000 -0.380 0.925 0.000 0.000 -0.316 -0.130 0.940 0.000 -0.003 -0.001 -0.001 1.000]]
		[0.2333333 [0.930 0.134 0.342 0.000 -0.142 0.990 0.000 0.000 -0.339 -0.049 0.940 0.000 -0.002 0.000 -0.001 1.000]]
		[0.2666667 [0.930 -0.133 0.342 0.000 0.141 0.990 0.000 0.000 -0.339 0.048 0.940 0.000 -0.001 0.000 -0.001 1.000]]
		[0.3 [0.870 -0.356 0.342 0.000 0.379 0.925 0.000 0.000 -0.317 0.130 0.940 0.000 0.000 0.000 -0.001 1.000]]
		[0.3333333 [0.814 -0.469 0.342 0.000 0.499 0.867 0.000 0.000 -0.296 0.171 0.940 0.000 0.000 0.000 -0.001 1.000]]
		[0.3666667 [0.816 -0.466 0.342 0.000 0.495 0.869 0.000 0.000 -0.297 0.169 0.940 0.000 0.000 0.000 -0.001 1.000]]
		[0.4 [0.856 -0.389 0.342 0.000 0.414 0.910 0.000 0.000 -0.311 0.141 0.940 0.000 0.000 0.000 -0.001 1.000]]
		[0.4333333 [0.902 -0.264 0.342 0.000 0.280 0.960 0.000 0.000 -0.328 0.096 0.940 0.000 -0.001 0.000 -0.001 1.000]]
		[0.4666667 [0.932 -0.121 0.342 0.000 0.129 0.992 0.000 0.000 -0.339 0.044 0.940 0.000 -0.001 0.000 -0.001 1.000]]
		[0.5 [0.940 0.000 0.342 0.000 0.000 1.000 0.000 0.000 -0.342 0.000 0.940 0.000 -0.002 0.000 -0.001 1.000]]
		[0.5333334 [0.940 0.000 0.342 0.000 0.000 1.000 0.000 0.000 -0.342 0.000 0.940 0.000 -0.002 0.000 -0.001 1.000]]
		[0.5666667 [0.940 0.000 0.342 0.000 0.000 1.000 0.000 0.000 -0.342 0.000 0.940 0.000 -0.002 0.000 -0.001 1.000]]
		[0.6 [0.940 0.000 0.342 0.000 0.000 1.000 0.000 0.000 -0.342 0.000 0.940 0.000 -0.002 0.000 -0.001 1.000]]
		[0.6333333 [0.940 0.000 0.342 0.000 0.000 1.000 0.000 0.000 -0.342 0.000 0.940 0.000 -0.002 0.000 -0.001 1.000]]
		[0.6666667 [0.940 0.000 0.342 0.000 0.000 1.000 0.000 0.000 -0.342 0.000 0.940 0.000 -0.002 0.000 -0.001 1.000]]
		[0.7 [0.940 0.000 0.342 0.000 0.000 1.000 0.000 0.000 -0.342 0.000 0.940 0.000 -0.002 0.000 -0.001 1.000]]
		[0.7333333 [0.940 0.000 0.342 0.000 0.000 1.000 0.000 0.000 -0.342 0.000 0.940 0.000 -0.002 0.000 -0.001 1.000]]
		[0.7666667 [0.940 0.000 0.342 0.000 0.000 1.000 0.000 0.000 -0.342 0.000 0.940 0.000 -0.002 0.000 -0.001 1.000]]
		[0.8 [0.940 0.000 0.342 0.000 0.000 1.000 0.000 0.000 -0.342 0.000 0.940 0.000 -0.002 0.000 -0.001 1.000]]
		[0.8333333 [0.940 0.000 0.342 0.000 0.000 1.000 0.000 0.000 -0.342 0.000 0.940 0.000 -0.002 0.000 -0.001 1.000]]
		[0.8666667 [0.940 0.000 0.342 0.000 0.000 1.000 0.000 0.000 -0.342 0.000 0.940 0.000 -0.002 0.000 -0.001 1.000]]
		[0.9 [0.940 0.000 0.342 0.000 0.000 1.000 0.000 0.000 -0.342 0.000 0.940 0.000 -0.002 0.000 -0.001 1.000]]
		[0.9333333 [0.940 0.000 0.342 0.000 0.000 1.000 0.000 0.000 -0.342 0.000 0.940 0.000 -0.002 0.000 -0.001 1.000]]
		[0.9666666 [0.940 0.000 0.342 0.000 0.000 1.000 0.000 0.000 -0.342 0.000 0.940 0.000 -0.002 0.000 -0.001 1.000]]
	]
	"Kluchitsa_P" [
		[0 [0.940 0.000 -0.342 0.000 0.000 1.000 0.000 0.000 0.342 0.000 0.940 0.000 0.002 0.000 -0.001 1.000]]
		[0.03333334 [0.932 0.122 -0.342 0.000 -0.129 0.992 0.000 0.000 0.339 0.044 0.940 0.000 0.002 0.000 -0.001 1.000]]
		[0.06666667 [0.902 0.264 -0.342 0.000 -0.281 0.960 0.000 0.000 0.328 0.096 0.940 0.000 0.002 0.000 -0.001 1.000]]
		[0.1 [0.855 0.389 -0.342 0.000 -0.414 0.910 0.000 0.000 0.311 0.142 0.940 0.000 0.001 0.001 -0.001 1.000]]
		[0.1333333 [0.816 0.466 -0.342 0.000 -0.496 0.868 0.000 0.000 0.297 0.170 0.940 0.000 0.001 0.001 -0.001 1.000]]
		[0.1666667 [0.814 0.470 -0.342 0.000 -0.500 0.866 0.000 0.000 0.296 0.171 0.940 0.000 0.001 0.001 -0.001 1.000]]
		[0.2 [0.869 0.357 -0.342 0.000 -0.380 0.925 0.000 0.000 0.316 0.130 0.940 0.000 0.001 0.001 -0.001 1.000]]
		[0.2333333 [0.930 0.134 -0.342 0.000 -0.142 0.990 0.000 0.000 0.339 0.049 0.940 0.000 0.002 0.000 -0.001 1.000]]
		[0.2666667 [0.930 -0.133 -0.342 0.000 0.141 0.990 0.000 0.000 0.339 -0.048 0.940 0.000 0.002 0.000 -0.001 1.000]]
		[0.3 [0.870 -0.356 -0.342 0.000 0.379 0.925 0.000 0.000 0.317 -0.130 0.940 0.000 0.001 -0.001 -0.001 1.000]]
		[0.3333333 [0.814 -0.469 -0.342 0.000 0.499 0.867 0.000 0.000 0.296 -0.171 0.940 0.000 0.001 -0.001 -0.001 1.000]]
		[0.3666667 [0.816 -0.466 -0.342 0.000 0.495 0.869 0.000 0.000 0.297 -0.169 0.940 0.000 0.001 -0.001 -0.001 1.000]]
		[0.4 [0.856 -0.389 -0.342 0.000 0.414 0.910 0.000 0.000 0.311 -0.141 0.940 0.000 0.001 -0.001 -0.001 1.000]]
		[0.4333333 [0.902 -0.264 -0.342 0.000 0.280 0.960 0.000 0.000 0.328 -0.096 0.940 0.000 0.002 0.000 -0.001 1.000]]
		[0.4666667 [0.932 -0.121 -0.342 0.000 0.129 0.992 0.000 0.000 0.339 -0.044 0.940 0.000 0.002 0.000 -0.001 1.000]]
		[0.5 [0.940 0.000 -0.342 0.000 0.000 1.000 0.000 0.000 0.342 0.000 0.940 0.000 0.002 0.000 -0.001 1.000]]
		[0.5333334 [0.940 0.000 -0.342 0.000 0.000 1.000 0.000 0.000 0.342 0.000 0.940 0.000 0.002 0.000 -0.001 1.000]]
		[0.5666667 [0.940 0.000 -0.342 0.000 0.000 1.000 0.000 0.000 0.342 0.000 0.940 0.000 0.002 0.000 -0.001 1.000]]
