{ :name "Attack" :length 0.6333333 :bones { 
	"Armature" [
		[0 [1.000 0.000 0.000 0.000 0.000 1.000 0.000 0.000 0.000 0.000 1.000 0.000 0.000 0.000 0.000 1.000]]
	]
	"Skelet" [
		[0 [1.000 0.000 0.000 0.000 0.000 1.000 0.000 0.000 0.000 0.000 1.000 0.000 0.000 0.000 0.000 1.000]]
	]
	"Bedro_L" [
		[0 [0.962 0.268 0.050 0.000 -0.272 0.952 0.138 0.000 -0.011 -0.147 0.989 0.000 0.000 0.000 0.000 1.000]]
		[0.02702703 [0.962 0.268 0.054 0.000 -0.273 0.952 0.138 0.000 -0.014 -0.147 0.989 0.000 0.000 0.000 0.000 1.000]]
		[0.05405406 [0.962 0.268 0.061 0.000 -0.274 0.952 0.137 0.000 -0.021 -0.149 0.989 0.000 0.000 0.000 0.000 1.000]]
		[0.08108108 [0.961 0.268 0.068 0.000 -0.275 0.952 0.136 0.000 -0.029 -0.150 0.988 0.000 0.000 0.000 0.000 1.000]]
		[0.1081081 [0.961 0.268 0.072 0.000 -0.276 0.952 0.136 0.000 -0.032 -0.151 0.988 0.000 0.000 0.000 0.000 1.000]]
		[0.1351351 [0.961 0.268 0.069 0.000 -0.275 0.952 0.136 0.000 -0.029 -0.150 0.988 0.000 0.000 0.000 0.000 1.000]]
		[0.1621622 [0.962 0.268 0.054 0.000 -0.273 0.952 0.138 0.000 -0.015 -0.147 0.989 0.000 0.000 0.000 0.000 1.000]]
		[0.1891892 [0.963 0.267 0.022 0.000 -0.268 0.953 0.141 0.000 0.016 -0.142 0.990 0.000 0.000 0.000 0.000 1.000]]
		[0.2162162 [0.963 0.266 -0.028 0.000 -0.260 0.955 0.146 0.000 0.065 -0.134 0.989 0.000 0.000 0.000 0.000 1.000]]
		[0.2432432 [0.960 0.266 -0.089 0.000 -0.251 0.956 0.152 0.000 0.125 -0.123 0.984 0.000 0.000 0.000 0.000 1.000]]
		[0.2702703 [0.952 0.265 -0.153 0.000 -0.242 0.958 0.157 0.000 0.189 -0.113 0.976 0.000 0.000 0.000 0.000 1.000]]
		[0.2972973 [0.940 0.265 -0.214 0.000 -0.234 0.959 0.162 0.000 0.248 -0.102 0.963 0.000 0.000 0.000 0.000 1.000]]
		[0.3243243 [0.928 0.265 -0.263 0.000 -0.227 0.960 0.166 0.000 0.297 -0.094 0.950 0.000 0.000 0.000 0.000 1.000]]
		[0.3513514 [0.918 0.265 -0.295 0.000 -0.224 0.960 0.168 0.000 0.328 -0.089 0.941 0.000 0.000 0.000 0.000 1.000]]
		[0.3783784 [0.915 0.265 -0.303 0.000 -0.223 0.960 0.169 0.000 0.336 -0.087 0.938 0.000 0.000 0.000 0.000 1.000]]
		[0.4054054 [0.918 0.265 -0.295 0.000 -0.224 0.960 0.168 0.000 0.328 -0.088 0.941 0.000 0.000 0.000 0.000 1.000]]
		[0.4324324 [0.924 0.265 -0.274 0.000 -0.226 0.960 0.167 0.000 0.307 -0.092 0.947 0.000 0.000 0.000 0.000 1.000]]
		[0.4594595 [0.933 0.265 -0.242 0.000 -0.230 0.959 0.164 0.000 0.276 -0.098 0.956 0.000 0.000 0.000 0.000 1.000]]
		[0.4864865 [0.943 0.265 -0.202 0.000 -0.235 0.959 0.161 0.000 0.237 -0.104 0.966 0.000 0.000 0.000 0.000 1.000]]
		[0.5135135 [0.951 0.265 -0.156 0.000 -0.241 0.958 0.158 0.000 0.191 -0.112 0.975 0.000 0.000 0.000 0.000 1.000]]
		[0.5405405 [0.958 0.266 -0.107 0.000 -0.248 0.957 0.153 0.000 0.143 -0.120 0.982 0.000 0.000 0.000 0.000 1.000]]
		[0.5675676 [0.962 0.266 -0.057 0.000 -0.255 0.955 0.149 0.000 0.094 -0.129 0.987 0.000 0.000 0.000 0.000 1.000]]
		[0.5945946 [0.964 0.267 -0.009 0.000 -0.263 0.954 0.144 0.000 0.047 -0.137 0.989 0.000 0.000 0.000 0.000 1.000]]
		[0.6216216 [0.963 0.267 0.034 0.000 -0.269 0.953 0.140 0.000 0.005 -0.144 0.990 0.000 0.000 0.000 0.000 1.000]]
		[0.6486486 [0.962 0.268 0.050 0.000 -0.272 0.952 0.138 0.000 -0.011 -0.147 0.989 0.000 0.000 0.000 0.000 1.000]]
		[0.6756757 [0.962 0.268 0.050 0.000 -0.272 0.952 0.138 0.000 -0.011 -0.147 0.989 0.000 0.000 0.000 0.000 1.000]]
		[0.7027027 [0.962 0.268 0.050 0.000 -0.272 0.952 0.138 0.000 -0.011 -0.147 0.989 0.000 0.000 0.000 0.000 1.000]]
		[0.7297297 [0.962 0.268 0.050 0.000 -0.272 0.952 0.138 0.000 -0.011 -0.147 0.989 0.000 0.000 0.000 0.000 1.000]]
		[0.7567568 [0.962 0.268 0.050 0.000 -0.272 0.952 0.138 0.000 -0.011 -0.147 0.989 0.000 0.000 0.000 0.000 1.000]]
		[0.7837838 [0.962 0.268 0.050 0.000 -0.272 0.952 0.138 0.000 -0.011 -0.147 0.989 0.000 0.000 0.000 0.000 1.000]]
		[0.8108108 [0.962 0.268 0.050 0.000 -0.272 0.952 0.138 0.000 -0.011 -0.147 0.989 0.000 0.000 0.000 0.000 1.000]]
		[0.8378378 [0.962 0.268 0.050 0.000 -0.272 0.952 0.138 0.000 -0.011 -0.147 0.989 0.000 0.000 0.000 0.000 1.000]]
		[0.8648649 [0.962 0.268 0.050 0.000 -0.272 0.952 0.138 0.000 -0.011 -0.147 0.989 0.000 0.000 0.000 0.000 1.000]]
		[0.8918919 [0.962 0.268 0.050 0.000 -0.272 0.952 0.138 0.000 -0.011 -0.147 0.989 0.000 0.000 0.000 0.000 1.000]]
		[0.9189189 [0.962 0.268 0.050 0.000 -0.272 0.952 0.138 0.000 -0.011 -0.147 0.989 0.000 0.000 0.000 0.000 1.000]]
		[0.9459459 [0.962 0.268 0.050 0.000 -0.272 0.952 0.138 0.000 -0.011 -0.147 0.989 0.000 0.000 0.000 0.000 1.000]]
		[0.972973 [0.962 0.268 0.050 0.000 -0.272 0.952 0.138 0.000 -0.011 -0.147 0.989 0.000 0.000 0.000 0.000 1.000]]
	]
	"Koleno_L" [
		[0 [1.000 0.018 -0.014 0.000 -0.020 0.987 -0.158 0.000 0.011 0.158 0.987 0.000 0.001 0.000 -0.001 1.000]]
		[0.02702703 [1.000 0.017 -0.014 0.000 -0.019 0.987 -0.158 0.000 0.011 0.158 0.987 0.000 0.001 0.000 -0.001 1.000]]
		[0.05405406 [1.000 0.016 -0.013 0.000 -0.018 0.987 -0.157 0.000 0.010 0.157 0.988 0.000 0.001 0.000 -0.001 1.000]]
		[0.08108108 [1.000 0.015 -0.012 0.000 -0.017 0.988 -0.156 0.000 0.010 0.156 0.988 0.000 0.001 0.000 -0.001 1.000]]
		[0.1081081 [1.000 0.014 -0.012 0.000 -0.016 0.988 -0.156 0.000 0.010 0.156 0.988 0.000 0.001 0.000 -0.001 1.000]]
		[0.1351351 [1.000 0.015 -0.012 0.000 -0.017 0.988 -0.156 0.000 0.010 0.156 0.988 0.000 0.001 0.000 -0.001 1.000]]
		[0.1621622 [1.000 0.017 -0.014 0.000 -0.019 0.987 -0.157 0.000 0.011 0.158 0.987 0.000 0.001 0.000 -0.001 1.000]]
		[0.1891892 [1.000 0.022 -0.016 0.000 -0.025 0.987 -0.160 0.000 0.012 0.160 0.987 0.000 0.001 0.000 -0.001 1.000]]
		[0.2162162 [0.999 0.030 -0.020 0.000 -0.033 0.986 -0.164 0.000 0.015 0.164 0.986 0.000 0.001 0.000 -0.001 1.000]]
		[0.2432432 [0.999 0.039 -0.024 0.000 -0.042 0.985 -0.168 0.000 0.017 0.169 0.986 0.000 0.001 0.000 -0.001 1.000]]
		[0.2702703 [0.998 0.047 -0.029 0.000 -0.052 0.984 -0.172 0.000 0.020 0.173 0.985 0.000 0.001 0.000 -0.001 1.000]]
		[0.2972973 [0.998 0.055 -0.033 0.000 -0.060 0.983 -0.175 0.000 0.023 0.177 0.984 0.000 0.001 0.000 -0.001 1.000]]
		[0.3243243 [0.997 0.061 -0.037 0.000 -0.066 0.982 -0.178 0.000 0.025 0.180 0.983 0.000 0.001 0.000 -0.001 1.000]]
		[0.3513514 [0.997 0.064 -0.039 0.000 -0.070 0.981 -0.179 0.000 0.027 0.181 0.983 0.000 0.001 0.000 -0.001 1.000]]
		[0.3783784 [0.997 0.065 -0.040 0.000 -0.071 0.981 -0.180 0.000 0.027 0.182 0.983 0.000 0.001 0.000 -0.001 1.000]]
		[0.4054054 [0.997 0.064 -0.039 0.000 -0.070 0.981 -0.179 0.000 0.027 0.181 0.983 0.000 0.001 0.000 -0.001 1.000]]
		[0.4324324 [0.997 0.062 -0.038 0.000 -0.068 0.982 -0.178 0.000 0.026 0.180 0.983 0.000 0.001 0.000 -0.001 1.000]]
		[0.4594595 [0.998 0.058 -0.035 0.000 -0.064 0.982 -0.176 0.000 0.024 0.178 0.984 0.000 0.001 0.000 -0.001 1.000]]
		[0.4864865 [0.998 0.054 -0.032 0.000 -0.058 0.983 -0.174 0.000 0.023 0.176 0.984 0.000 0.001 0.000 -0.001 1.000]]
		[0.5135135 [0.998 0.048 -0.029 0.000 -0.052 0.984 -0.172 0.000 0.021 0.173 0.985 0.000 0.001 0.000 -0.001 1.000]]
		[0.5405405 [0.999 0.041 -0.026 0.000 -0.045 0.985 -0.169 0.000 0.018 0.170 0.985 0.000 0.001 0.000 -0.001 1.000]]
		[0.5675676 [0.999 0.034 -0.022 0.000 -0.037 0.985 -0.166 0.000 0.016 0.166 0.986 0.000 0.001 0.000 -0.001 1.000]]
		[0.5945946 [0.999 0.027 -0.018 0.000 -0.030 0.986 -0.162 0.000 0.014 0.163 0.987 0.000 0.001 0.000 -0.001 1.000]]
		[0.6216216 [1.000 0.021 -0.015 0.000 -0.023 0.987 -0.159 0.000 0.012 0.159 0.987 0.000 0.001 0.000 -0.001 1.000]]
		[0.6486486 [1.000 0.018 -0.014 0.000 -0.020 0.987 -0.158 0.000 0.011 0.158 0.987 0.000 0.001 0.000 -0.001 1.000]]
		[0.6756757 [1.000 0.018 -0.014 0.000 -0.020 0.987 -0.158 0.000 0.011 0.158 0.987 0.000 0.001 0.000 -0.001 1.000]]
		[0.7027027 [1.000 0.018 -0.014 0.000 -0.020 0.987 -0.158 0.000 0.011 0.158 0.987 0.000 0.001 0.000 -0.001 1.000]]
		[0.7297297 [1.000 0.018 -0.014 0.000 -0.020 0.987 -0.158 0.000 0.011 0.158 0.987 0.000 0.001 0.000 -0.001 1.000]]
		[0.7567568 [1.000 0.018 -0.014 0.000 -0.020 0.987 -0.158 0.000 0.011 0.158 0.987 0.000 0.001 0.000 -0.001 1.000]]
		[0.7837838 [1.000 0.018 -0.014 0.000 -0.020 0.987 -0.158 0.000 0.011 0.158 0.987 0.000 0.001 0.000 -0.001 1.000]]
		[0.8108108 [1.000 0.018 -0.014 0.000 -0.020 0.987 -0.158 0.000 0.011 0.158 0.987 0.000 0.001 0.000 -0.001 1.000]]
		[0.8378378 [1.000 0.018 -0.014 0.000 -0.020 0.987 -0.158 0.000 0.011 0.158 0.987 0.000 0.001 0.000 -0.001 1.000]]
		[0.8648649 [1.000 0.018 -0.014 0.000 -0.020 0.987 -0.158 0.000 0.011 0.158 0.987 0.000 0.001 0.000 -0.001 1.000]]
		[0.8918919 [1.000 0.018 -0.014 0.000 -0.020 0.987 -0.158 0.000 0.011 0.158 0.987 0.000 0.001 0.000 -0.001 1.000]]
		[0.9189189 [1.000 0.018 -0.014 0.000 -0.020 0.987 -0.158 0.000 0.011 0.158 0.987 0.000 0.001 0.000 -0.001 1.000]]
		[0.9459459 [1.000 0.018 -0.014 0.000 -0.020 0.987 -0.158 0.000 0.011 0.158 0.987 0.000 0.001 0.000 -0.001 1.000]]
		[0.972973 [1.000 0.018 -0.014 0.000 -0.020 0.987 -0.158 0.000 0.011 0.158 0.987 0.000 0.001 0.000 -0.001 1.000]]
	]
	"Koleno_L_end" [
		[0 [1.000 0.018 -0.014 0.000 -0.020 0.987 -0.158 0.000 0.011 0.158 0.987 0.000 0.001 0.000 -0.002 1.000]]
		[0.02702703 [1.000 0.017 -0.014 0.000 -0.019 0.987 -0.158 0.000 0.011 0.158 0.987 0.000 0.001 0.000 -0.002 1.000]]
		[0.05405406 [1.000 0.016 -0.013 0.000 -0.018 0.987 -0.157 0.000 0.010 0.157 0.988 0.000 0.001 0.000 -0.002 1.000]]
		[0.08108108 [1.000 0.015 -0.012 0.000 -0.017 0.988 -0.156 0.000 0.010 0.156 0.988 0.000 0.001 0.000 -0.002 1.000]]
		[0.1081081 [1.000 0.014 -0.012 0.000 -0.016 0.988 -0.156 0.000 0.010 0.156 0.988 0.000 0.001 0.000 -0.002 1.000]]
		[0.1351351 [1.000 0.015 -0.012 0.000 -0.017 0.988 -0.156 0.000 0.010 0.156 0.988 0.000 0.001 0.000 -0.002 1.000]]
		[0.1621622 [1.000 0.017 -0.014 0.000 -0.019 0.987 -0.157 0.000 0.011 0.158 0.987 0.000 0.001 0.000 -0.002 1.000]]
		[0.1891892 [1.000 0.022 -0.016 0.000 -0.025 0.987 -0.160 0.000 0.012 0.160 0.987 0.000 0.001 0.000 -0.002 1.000]]
		[0.2162162 [0.999 0.030 -0.020 0.000 -0.033 0.986 -0.164 0.000 0.015 0.164 0.986 0.000 0.001 0.000 -0.002 1.000]]
		[0.2432432 [0.999 0.039 -0.024 0.000 -0.042 0.985 -0.168 0.000 0.017 0.169 0.986 0.000 0.001 0.000 -0.002 1.000]]
		[0.2702703 [0.998 0.047 -0.029 0.000 -0.052 0.984 -0.172 0.000 0.020 0.173 0.985 0.000 0.001 0.000 -0.002 1.000]]
		[0.2972973 [0.998 0.055 -0.033 0.000 -0.060 0.983 -0.175 0.000 0.023 0.177 0.984 0.000 0.001 0.000 -0.002 1.000]]
		[0.3243243 [0.997 0.061 -0.037 0.000 -0.066 0.982 -0.178 0.000 0.025 0.180 0.983 0.000 0.001 0.000 -0.002 1.000]]
		[0.3513514 [0.997 0.064 -0.039 0.000 -0.070 0.981 -0.179 0.000 0.027 0.181 0.983 0.000 0.001 0.000 -0.002 1.000]]
		[0.3783784 [0.997 0.065 -0.040 0.000 -0.071 0.981 -0.180 0.000 0.027 0.182 0.983 0.000 0.001 0.000 -0.002 1.000]]
		[0.4054054 [0.997 0.064 -0.039 0.000 -0.070 0.981 -0.179 0.000 0.027 0.181 0.983 0.000 0.001 0.000 -0.002 1.000]]
		[0.4324324 [0.997 0.062 -0.038 0.000 -0.068 0.982 -0.178 0.000 0.026 0.180 0.983 0.000 0.001 0.000 -0.002 1.000]]
		[0.4594595 [0.998 0.058 -0.035 0.000 -0.064 0.982 -0.176 0.000 0.024 0.178 0.984 0.000 0.001 0.000 -0.002 1.000]]
		[0.4864865 [0.998 0.054 -0.032 0.000 -0.058 0.983 -0.174 0.000 0.023 0.176 0.984 0.000 0.001 0.000 -0.002 1.000]]
		[0.5135135 [0.998 0.048 -0.029 0.000 -0.052 0.984 -0.172 0.000 0.021 0.173 0.985 0.000 0.001 0.000 -0.002 1.000]]
		[0.5405405 [0.999 0.041 -0.026 0.000 -0.045 0.985 -0.169 0.000 0.018 0.170 0.985 0.000 0.001 0.000 -0.002 1.000]]
		[0.5675676 [0.999 0.034 -0.022 0.000 -0.037 0.985 -0.166 0.000 0.016 0.166 0.986 0.000 0.001 0.000 -0.002 1.000]]
		[0.5945946 [0.999 0.027 -0.018 0.000 -0.030 0.986 -0.162 0.000 0.014 0.163 0.987 0.000 0.001 0.000 -0.002 1.000]]
		[0.6216216 [1.000 0.021 -0.015 0.000 -0.023 0.987 -0.159 0.000 0.012 0.159 0.987 0.000 0.001 0.000 -0.002 1.000]]
		[0.6486486 [1.000 0.018 -0.014 0.000 -0.020 0.987 -0.158 0.000 0.011 0.158 0.987 0.000 0.001 0.000 -0.002 1.000]]
		[0.6756757 [1.000 0.018 -0.014 0.000 -0.020 0.987 -0.158 0.000 0.011 0.158 0.987 0.000 0.001 0.000 -0.002 1.000]]
		[0.7027027 [1.000 0.018 -0.014 0.000 -0.020 0.987 -0.158 0.000 0.011 0.158 0.987 0.000 0.001 0.000 -0.002 1.000]]
		[0.7297297 [1.000 0.018 -0.014 0.000 -0.020 0.987 -0.158 0.000 0.011 0.158 0.987 0.000 0.001 0.000 -0.002 1.000]]
		[0.7567568 [1.000 0.018 -0.014 0.000 -0.020 0.987 -0.158 0.000 0.011 0.158 0.987 0.000 0.001 0.000 -0.002 1.000]]
		[0.7837838 [1.000 0.018 -0.014 0.000 -0.020 0.987 -0.158 0.000 0.011 0.158 0.987 0.000 0.001 0.000 -0.002 1.000]]
		[0.8108108 [1.000 0.018 -0.014 0.000 -0.020 0.987 -0.158 0.000 0.011 0.158 0.987 0.000 0.001 0.000 -0.002 1.000]]
		[0.8378378 [1.000 0.018 -0.014 0.000 -0.020 0.987 -0.158 0.000 0.011 0.158 0.987 0.000 0.001 0.000 -0.002 1.000]]
		[0.8648649 [1.000 0.018 -0.014 0.000 -0.020 0.987 -0.158 0.000 0.011 0.158 0.987 0.000 0.001 0.000 -0.002 1.000]]
		[0.8918919 [1.000 0.018 -0.014 0.000 -0.020 0.987 -0.158 0.000 0.011 0.158 0.987 0.000 0.001 0.000 -0.002 1.000]]
		[0.9189189 [1.000 0.018 -0.014 0.000 -0.020 0.987 -0.158 0.000 0.011 0.158 0.987 0.000 0.001 0.000 -0.002 1.000]]
		[0.9459459 [1.000 0.018 -0.014 0.000 -0.020 0.987 -0.158 0.000 0.011 0.158 0.987 0.000 0.001 0.000 -0.002 1.000]]
		[0.972973 [1.000 0.018 -0.014 0.000 -0.020 0.987 -0.158 0.000 0.011 0.158 0.987 0.000 0.001 0.000 -0.002 1.000]]
	]
	"Bedro_P" [
		[0 [0.674 0.269 0.688 0.000 -0.027 0.939 -0.342 0.000 -0.738 0.212 0.640 0.000 0.000 0.000 0.000 1.000]]
		[0.02702703 [0.668 0.271 0.693 0.000 -0.027 0.939 -0.342 0.000 -0.744 0.210 0.635 0.000 0.000 0.000 0.000 1.000]]
		[0.05405406 [0.654 0.276 0.704 0.000 -0.026 0.939 -0.343 0.000 -0.756 0.206 0.621 0.000 0.000 0.000 0.000 1.000]]
		[0.08108108 [0.640 0.280 0.716 0.000 -0.026 0.938 -0.344 0.000 -0.768 0.202 0.608 0.000 0.000 0.000 0.000 1.000]]
		[0.1081081 [0.632 0.283 0.721 0.000 -0.026 0.938 -0.345 0.000 -0.774 0.200 0.600 0.000 0.000 0.000 0.000 1.000]]
		[0.1351351 [0.639 0.280 0.716 0.000 -0.026 0.938 -0.345 0.000 -0.769 0.202 0.607 0.000 0.000 0.000 0.000 1.000]]
		[0.1621622 [0.667 0.272 0.694 0.000 -0.027 0.939 -0.342 0.000 -0.745 0.210 0.633 0.000 0.000 0.000 0.000 1.000]]
		[0.1891892 [0.724 0.253 0.642 0.000 -0.028 0.940 -0.339 0.000 -0.689 0.227 0.688 0.000 0.000 0.000 0.000 1.000]]
		[0.2162162 [0.804 0.224 0.550 0.000 -0.032 0.941 -0.337 0.000 -0.594 0.254 0.764 0.000 0.000 0.000 0.000 1.000]]
		[0.2432432 [0.884 0.191 0.426 0.000 -0.038 0.939 -0.342 0.000 -0.466 0.286 0.837 0.000 0.000 0.000 0.000 1.000]]
		[0.2702703 [0.946 0.157 0.284 0.000 -0.049 0.935 -0.352 0.000 -0.320 0.319 0.892 0.000 0.000 0.000 0.000 1.000]]
		[0.2972973 [0.982 0.127 0.142 0.000 -0.067 0.928 -0.367 0.000 -0.178 0.351 0.919 0.000 0.000 0.000 0.000 1.000]]
		[0.3243243 [0.994 0.104 0.022 0.000 -0.087 0.921 -0.380 0.000 -0.060 0.376 0.925 0.000 0.000 0.000 0.000 1.000]]
		[0.3513514 [0.995 0.089 -0.055 0.000 -0.104 0.915 -0.389 0.000 0.015 0.393 0.919 0.000 0.000 0.000 0.000 1.000]]
		[0.3783784 [0.993 0.086 -0.076 0.000 -0.109 0.914 -0.392 0.000 0.036 0.398 0.917 0.000 0.000 0.000 0.000 1.000]]
		[0.4054054 [0.994 0.089 -0.055 0.000 -0.104 0.915 -0.390 0.000 0.016 0.393 0.919 0.000 0.000 0.000 0.000 1.000]]
		[0.4324324 [0.995 0.099 -0.003 0.000 -0.093 0.919 -0.383 0.000 -0.035 0.382 0.924 0.000 0.000 0.000 0.000 1.000]]
		[0.4594595 [0.991 0.113 0.074 0.000 -0.078 0.924 -0.374 0.000 -0.111 0.365 0.924 0.000 0.000 0.000 0.000 1.000]]
		[0.4864865 [0.977 0.133 0.170 0.000 -0.063 0.929 -0.364 0.000 -0.206 0.345 0.916 0.000 0.000 0.000 0.000 1.000]]
		[0.5135135 [0.948 0.155 0.277 0.000 -0.050 0.934 -0.353 0.000 -0.314 0.321 0.894 0.000 0.000 0.000 0.000 1.000]]
		[0.5405405 [0.904 0.181 0.387 0.000 -0.040 0.938 -0.344 0.000 -0.426 0.295 0.855 0.000 0.000 0.000 0.000 1.000]]
		[0.5675676 [0.845 0.208 0.493 0.000 -0.034 0.940 -0.339 0.000 -0.534 0.269 0.802 0.000 0.000 0.000 0.000 1.000]]
		[0.5945946 [0.776 0.235 0.585 0.000 -0.030 0.941 -0.337 0.000 -0.630 0.244 0.737 0.000 0.000 0.000 0.000 1.000]]
		[0.6216216 [0.704 0.260 0.661 0.000 -0.028 0.940 -0.340 0.000 -0.709 0.221 0.669 0.000 0.000 0.000 0.000 1.000]]
		[0.6486486 [0.674 0.269 0.688 0.000 -0.027 0.939 -0.342 0.000 -0.738 0.212 0.640 0.000 0.000 0.000 0.000 1.000]]
		[0.6756757 [0.674 0.269 0.688 0.000 -0.027 0.939 -0.342 0.000 -0.738 0.212 0.640 0.000 0.000 0.000 0.000 1.000]]
		[0.7027027 [0.674 0.269 0.688 0.000 -0.027 0.939 -0.342 0.000 -0.738 0.212 0.640 0.000 0.000 0.000 0.000 1.000]]
		[0.7297297 [0.674 0.269 0.688 0.000 -0.027 0.939 -0.342 0.000 -0.738 0.212 0.640 0.000 0.000 0.000 0.000 1.000]]
		[0.7567568 [0.674 0.269 0.688 0.000 -0.027 0.939 -0.342 0.000 -0.738 0.212 0.640 0.000 0.000 0.000 0.000 1.000]]
		[0.7837838 [0.674 0.269 0.688 0.000 -0.027 0.939 -0.342 0.000 -0.738 0.212 0.640 0.000 0.000 0.000 0.000 1.000]]
		[0.8108108 [0.674 0.269 0.688 0.000 -0.027 0.939 -0.342 0.000 -0.738 0.212 0.640 0.000 0.000 0.000 0.000 1.000]]
		[0.8378378 [0.674 0.269 0.688 0.000 -0.027 0.939 -0.342 0.000 -0.738 0.212 0.640 0.000 0.000 0.000 0.000 1.000]]
		[0.8648649 [0.674 0.269 0.688 0.000 -0.027 0.939 -0.342 0.000 -0.738 0.212 0.640 0.000 0.000 0.000 0.000 1.000]]
		[0.8918919 [0.674 0.269 0.688 0.000 -0.027 0.939 -0.342 0.000 -0.738 0.212 0.640 0.000 0.000 0.000 0.000 1.000]]
		[0.9189189 [0.674 0.269 0.688 0.000 -0.027 0.939 -0.342 0.000 -0.738 0.212 0.640 0.000 0.000 0.000 0.000 1.000]]
		[0.9459459 [0.674 0.269 0.688 0.000 -0.027 0.939 -0.342 0.000 -0.738 0.212 0.640 0.000 0.000 0.000 0.000 1.000]]
		[0.972973 [0.674 0.269 0.688 0.000 -0.027 0.939 -0.342 0.000 -0.738 0.212 0.640 0.000 0.000 0.000 0.000 1.000]]
	]
	"Koleno_P" [
		[0 [0.632 0.055 0.773 0.000 -0.121 0.992 0.029 0.000 -0.765 -0.112 0.634 0.000 0.000 0.000 0.002 1.000]]
		[0.02702703 [0.627 0.051 0.777 0.000 -0.117 0.993 0.029 0.000 -0.770 -0.109 0.628 0.000 0.000 0.000 0.002 1.000]]
		[0.05405406 [0.614 0.043 0.788 0.000 -0.108 0.994 0.029 0.000 -0.782 -0.103 0.615 0.000 0.000 0.000 0.002 1.000]]
		[0.08108108 [0.601 0.036 0.799 0.000 -0.099 0.995 0.030 0.000 -0.793 -0.097 0.601 0.000 0.000 0.000 0.002 1.000]]
		[0.1081081 [0.594 0.031 0.804 0.000 -0.094 0.995 0.031 0.000 -0.799 -0.094 0.594 0.000 0.000 0.000 0.002 1.000]]
		[0.1351351 [0.600 0.035 0.799 0.000 -0.098 0.995 0.030 0.000 -0.794 -0.097 0.600 0.000 0.000 0.000 0.002 1.000]]
		[0.1621622 [0.626 0.050 0.778 0.000 -0.116 0.993 0.029 0.000 -0.771 -0.109 0.627 0.000 0.000 0.000 0.002 1.000]]
		[0.1891892 [0.677 0.084 0.731 0.000 -0.155 0.987 0.031 0.000 -0.719 -0.134 0.682 0.000 0.000 0.000 0.002 1.000]]
		[0.2162162 [0.747 0.136 0.651 0.000 -0.217 0.975 0.045 0.000 -0.629 -0.175 0.758 0.000 0.000 0.000 0.002 1.000]]
		[0.2432432 [0.812 0.198 0.549 0.000 -0.289 0.954 0.083 0.000 -0.507 -0.226 0.832 0.000 0.000 0.000 0.002 1.000]]
		[0.2702703 [0.859 0.261 0.440 0.000 -0.355 0.924 0.144 0.000 -0.369 -0.280 0.886 0.000 0.000 0.000 0.002 1.000]]
		[0.2972973 [0.885 0.319 0.340 0.000 -0.404 0.888 0.219 0.000 -0.232 -0.332 0.914 0.000 0.000 0.000 0.002 1.000]]
		[0.3243243 [0.894 0.363 0.263 0.000 -0.432 0.854 0.291 0.000 -0.119 -0.374 0.920 0.000 0.000 0.000 0.002 1.000]]
		[0.3513514 [0.895 0.390 0.217 0.000 -0.443 0.829 0.341 0.000 -0.047 -0.401 0.915 0.000 0.000 0.000 0.002 1.000]]
		[0.3783784 [0.895 0.397 0.205 0.000 -0.446 0.822 0.355 0.000 -0.027 -0.408 0.912 0.000 0.001 0.000 0.002 1.000]]
		[0.4054054 [0.895 0.390 0.216 0.000 -0.444 0.829 0.341 0.000 -0.046 -0.401 0.915 0.000 0.000 0.000 0.002 1.000]]
		[0.4324324 [0.895 0.372 0.247 0.000 -0.437 0.846 0.307 0.000 -0.095 -0.383 0.919 0.000 0.000 0.000 0.002 1.000]]
		[0.4594595 [0.891 0.344 0.296 0.000 -0.422 0.869 0.259 0.000 -0.168 -0.356 0.919 0.000 0.000 0.000 0.002 1.000]]
		[0.4864865 [0.881 0.308 0.359 0.000 -0.396 0.896 0.204 0.000 -0.259 -0.322 0.911 0.000 0.000 0.000 0.002 1.000]]
		[0.5135135 [0.861 0.264 0.435 0.000 -0.358 0.922 0.147 0.000 -0.362 -0.282 0.888 0.000 0.000 0.000 0.002 1.000]]
		[0.5405405 [0.828 0.216 0.518 0.000 -0.308 0.946 0.098 0.000 -0.469 -0.241 0.850 0.000 0.000 0.000 0.002 1.000]]
		[0.5675676 [0.781 0.166 0.603 0.000 -0.252 0.966 0.061 0.000 -0.572 -0.199 0.796 0.000 0.000 0.000 0.002 1.000]]
		[0.5945946 [0.723 0.117 0.681 0.000 -0.194 0.980 0.038 0.000 -0.663 -0.160 0.731 0.000 0.000 0.000 0.002 1.000]]
		[0.6216216 [0.660 0.072 0.748 0.000 -0.141 0.990 0.029 0.000 -0.738 -0.125 0.663 0.000 0.000 0.000 0.002 1.000]]
		[0.6486486 [0.632 0.055 0.773 0.000 -0.121 0.992 0.029 0.000 -0.765 -0.112 0.634 0.000 0.000 0.000 0.002 1.000]]
		[0.6756757 [0.632 0.055 0.773 0.000 -0.121 0.992 0.029 0.000 -0.765 -0.112 0.634 0.000 0.000 0.000 0.002 1.000]]
		[0.7027027 [0.632 0.055 0.773 0.000 -0.121 0.992 0.029 0.000 -0.765 -0.112 0.634 0.000 0.000 0.000 0.002 1.000]]
		[0.7297297 [0.632 0.055 0.773 0.000 -0.121 0.992 0.029 0.000 -0.765 -0.112 0.634 0.000 0.000 0.000 0.002 1.000]]
		[0.7567568 [0.632 0.055 0.773 0.000 -0.121 0.992 0.029 0.000 -0.765 -0.112 0.634 0.000 0.000 0.000 0.002 1.000]]
		[0.7837838 [0.632 0.055 0.773 0.000 -0.121 0.992 0.029 0.000 -0.765 -0.112 0.634 0.000 0.000 0.000 0.002 1.000]]
		[0.8108108 [0.632 0.055 0.773 0.000 -0.121 0.992 0.029 0.000 -0.765 -0.112 0.634 0.000 0.000 0.000 0.002 1.000]]
		[0.8378378 [0.632 0.055 0.773 0.000 -0.121 0.992 0.029 0.000 -0.765 -0.112 0.634 0.000 0.000 0.000 0.002 1.000]]
		[0.8648649 [0.632 0.055 0.773 0.000 -0.121 0.992 0.029 0.000 -0.765 -0.112 0.634 0.000 0.000 0.000 0.002 1.000]]
		[0.8918919 [0.632 0.055 0.773 0.000 -0.121 0.992 0.029 0.000 -0.765 -0.112 0.634 0.000 0.000 0.000 0.002 1.000]]
		[0.9189189 [0.632 0.055 0.773 0.000 -0.121 0.992 0.029 0.000 -0.765 -0.112 0.634 0.000 0.000 0.000 0.002 1.000]]
		[0.9459459 [0.632 0.055 0.773 0.000 -0.121 0.992 0.029 0.000 -0.765 -0.112 0.634 0.000 0.000 0.000 0.002 1.000]]
		[0.972973 [0.632 0.055 0.773 0.000 -0.121 0.992 0.029 0.000 -0.765 -0.112 0.634 0.000 0.000 0.000 0.002 1.000]]
	]
	"Koleno_P_end" [
		[0 [0.632 0.055 0.773 0.000 -0.121 0.992 0.029 0.000 -0.765 -0.112 0.634 0.000 -0.001 0.000 0.002 1.000]]
		[0.02702703 [0.627 0.051 0.777 0.000 -0.117 0.993 0.029 0.000 -0.770 -0.109 0.628 0.000 -0.001 0.000 0.002 1.000]]
		[0.05405406 [0.614 0.043 0.788 0.000 -0.108 0.994 0.029 0.000 -0.782 -0.103 0.615 0.000 -0.001 0.000 0.002 1.000]]
		[0.08108108 [0.601 0.036 0.799 0.000 -0.099 0.995 0.030 0.000 -0.793 -0.097 0.601 0.000 0.000 0.000 0.002 1.000]]
		[0.1081081 [0.594 0.031 0.804 0.000 -0.094 0.995 0.031 0.000 -0.799 -0.094 0.594 0.000 0.000 0.000 0.002 1.000]]
		[0.1351351 [0.600 0.035 0.799 0.000 -0.098 0.995 0.030 0.000 -0.794 -0.097 0.600 0.000 0.000 0.000 0.002 1.000]]
		[0.1621622 [0.626 0.050 0.778 0.000 -0.116 0.993 0.029 0.000 -0.771 -0.109 0.627 0.000 -0.001 0.000 0.002 1.000]]
		[0.1891892 [0.677 0.084 0.731 0.000 -0.155 0.987 0.031 0.000 -0.719 -0.134 0.682 0.000 -0.001 0.000 0.002 1.000]]
		[0.2162162 [0.747 0.136 0.651 0.000 -0.217 0.975 0.045 0.000 -0.629 -0.175 0.758 0.000 -0.001 0.000 0.002 1.000]]
		[0.2432432 [0.812 0.198 0.549 0.000 -0.289 0.954 0.083 0.000 -0.507 -0.226 0.832 0.000 -0.001 0.000 0.002 1.000]]
		[0.2702703 [0.859 0.261 0.440 0.000 -0.355 0.924 0.144 0.000 -0.369 -0.280 0.886 0.000 -0.002 0.000 0.003 1.000]]
		[0.2972973 [0.885 0.319 0.340 0.000 -0.404 0.888 0.219 0.000 -0.232 -0.332 0.914 0.000 -0.002 -0.001 0.003 1.000]]
		[0.3243243 [0.894 0.363 0.263 0.000 -0.432 0.854 0.291 0.000 -0.119 -0.374 0.920 0.000 -0.002 -0.001 0.004 1.000]]
		[0.3513514 [0.895 0.390 0.217 0.000 -0.443 0.829 0.341 0.000 -0.047 -0.401 0.915 0.000 -0.002 -0.001 0.004 1.000]]
		[0.3783784 [0.895 0.397 0.205 0.000 -0.446 0.822 0.355 0.000 -0.027 -0.408 0.912 0.000 -0.002 -0.001 0.004 1.000]]
		[0.4054054 [0.895 0.390 0.216 0.000 -0.444 0.829 0.341 0.000 -0.046 -0.401 0.915 0.000 -0.002 -0.001 0.004 1.000]]
		[0.4324324 [0.895 0.372 0.247 0.000 -0.437 0.846 0.307 0.000 -0.095 -0.383 0.919 0.000 -0.002 -0.001 0.004 1.000]]
		[0.4594595 [0.891 0.344 0.296 0.000 -0.422 0.869 0.259 0.000 -0.168 -0.356 0.919 0.000 -0.002 -0.001 0.003 1.000]]
		[0.4864865 [0.881 0.308 0.359 0.000 -0.396 0.896 0.204 0.000 -0.259 -0.322 0.911 0.000 -0.002 -0.001 0.003 1.000]]
		[0.5135135 [0.861 0.264 0.435 0.000 -0.358 0.922 0.147 0.000 -0.362 -0.282 0.888 0.000 -0.002 0.000 0.003 1.000]]
		[0.5405405 [0.828 0.216 0.518 0.000 -0.308 0.946 0.098 0.000 -0.469 -0.241 0.850 0.000 -0.002 0.000 0.002 1.000]]
		[0.5675676 [0.781 0.166 0.603 0.000 -0.252 0.966 0.061 0.000 -0.572 -0.199 0.796 0.000 -0.001 0.000 0.002 1.000]]
		[0.5945946 [0.723 0.117 0.681 0.000 -0.194 0.980 0.038 0.000 -0.663 -0.160 0.731 0.000 -0.001 0.000 0.002 1.000]]
		[0.6216216 [0.660 0.072 0.748 0.000 -0.141 0.990 0.029 0.000 -0.738 -0.125 0.663 0.000 -0.001 0.000 0.002 1.000]]
		[0.6486486 [0.632 0.055 0.773 0.000 -0.121 0.992 0.029 0.000 -0.765 -0.112 0.634 0.000 -0.001 0.000 0.002 1.000]]
		[0.6756757 [0.632 0.055 0.773 0.000 -0.121 0.992 0.029 0.000 -0.765 -0.112 0.634 0.000 -0.001 0.000 0.002 1.000]]
		[0.7027027 [0.632 0.055 0.773 0.000 -0.121 0.992 0.029 0.000 -0.765 -0.112 0.634 0.000 -0.001 0.000 0.002 1.000]]
		[0.7297297 [0.632 0.055 0.773 0.000 -0.121 0.992 0.029 0.000 -0.765 -0.112 0.634 0.000 -0.001 0.000 0.002 1.000]]
		[0.7567568 [0.632 0.055 0.773 0.000 -0.121 0.992 0.029 0.000 -0.765 -0.112 0.634 0.000 -0.001 0.000 0.002 1.000]]
		[0.7837838 [0.632 0.055 0.773 0.000 -0.121 0.992 0.029 0.000 -0.765 -0.112 0.634 0.000 -0.001 0.000 0.002 1.000]]
		[0.8108108 [0.632 0.055 0.773 0.000 -0.121 0.992 0.029 0.000 -0.765 -0.112 0.634 0.000 -0.001 0.000 0.002 1.000]]
		[0.8378378 [0.632 0.055 0.773 0.000 -0.121 0.992 0.029 0.000 -0.765 -0.112 0.634 0.000 -0.001 0.000 0.002 1.000]]
		[0.8648649 [0.632 0.055 0.773 0.000 -0.121 0.992 0.029 0.000 -0.765 -0.112 0.634 0.000 -0.001 0.000 0.002 1.000]]
		[0.8918919 [0.632 0.055 0.773 0.000 -0.121 0.992 0.029 0.000 -0.765 -0.112 0.634 0.000 -0.001 0.000 0.002 1.000]]
		[0.9189189 [0.632 0.055 0.773 0.000 -0.121 0.992 0.029 0.000 -0.765 -0.112 0.634 0.000 -0.001 0.000 0.002 1.000]]
		[0.9459459 [0.632 0.055 0.773 0.000 -0.121 0.992 0.029 0.000 -0.765 -0.112 0.634 0.000 -0.001 0.000 0.002 1.000]]
		[0.972973 [0.632 0.055 0.773 0.000 -0.121 0.992 0.029 0.000 -0.765 -0.112 0.634 0.000 -0.001 0.000 0.002 1.000]]
	]
	"Tors" [
		[0 [1.000 0.000 0.000 0.000 0.000 0.940 -0.342 0.000 0.000 0.342 0.940 0.000 0.000 0.000 0.000 1.000]]
		[0.02702703 [0.995 0.000 -0.100 0.000 -0.037 0.928 -0.371 0.000 0.093 0.373 0.923 0.000 0.000 0.000 0.000 1.000]]
		[0.05405406 [0.976 0.000 -0.218 0.000 -0.089 0.913 -0.398 0.000 0.199 0.407 0.891 0.000 0.000 0.000 0.000 1.000]]
		[0.08108108 [0.943 0.000 -0.333 0.000 -0.147 0.897 -0.417 0.000 0.299 0.442 0.846 0.000 0.000 0.000 0.000 1.000]]
		[0.1081081 [0.904 0.000 -0.428 0.000 -0.202 0.882 -0.426 0.000 0.378 0.472 0.797 0.000 0.000 0.000 0.000 1.000]]
		[0.1351351 [0.872 0.000 -0.489 0.000 -0.241 0.870 -0.430 0.000 0.426 0.493 0.759 0.000 0.000 0.000 0.000 1.000]]
		[0.1621622 [0.864 0.000 -0.503 0.000 -0.252 0.866 -0.432 0.000 0.436 0.500 0.748 0.000 0.000 0.000 0.000 1.000]]
		[0.1891892 [0.891 0.000 -0.455 0.000 -0.223 0.871 -0.437 0.000 0.396 0.491 0.776 0.000 0.000 0.000 0.000 1.000]]
		[0.2162162 [0.940 0.000 -0.341 0.000 -0.159 0.885 -0.438 0.000 0.302 0.466 0.832 0.000 0.000 0.000 0.000 1.000]]
		[0.2432432 [0.984 0.000 -0.179 0.000 -0.077 0.904 -0.422 0.000 0.161 0.429 0.889 0.000 0.000 0.000 0.000 1.000]]
		[0.2702703 [1.000 0.000 0.011 0.000 0.004 0.923 -0.385 0.000 -0.010 0.385 0.923 0.000 0.000 0.000 0.000 1.000]]
		[0.2972973 [0.980 0.000 0.200 0.000 0.068 0.940 -0.333 0.000 -0.188 0.340 0.921 0.000 0.000 0.000 0.000 1.000]]
		[0.3243243 [0.933 0.000 0.359 0.000 0.107 0.954 -0.279 0.000 -0.342 0.299 0.891 0.000 0.000 0.000 0.000 1.000]]
		[0.3513514 [0.884 0.000 0.467 0.000 0.126 0.963 -0.238 0.000 -0.450 0.269 0.852 0.000 0.000 0.000 0.000 1.000]]
		[0.3783784 [0.858 0.000 0.514 0.000 0.130 0.967 -0.218 0.000 -0.497 0.254 0.830 0.000 0.000 0.000 0.000 1.000]]
		[0.4054054 [0.853 0.000 0.522 0.000 0.130 0.969 -0.212 0.000 -0.506 0.249 0.826 0.000 0.000 0.000 0.000 1.000]]
		[0.4324324 [0.863 0.000 0.505 0.000 0.126 0.968 -0.216 0.000 -0.488 0.250 0.836 0.000 0.000 0.000 0.000 1.000]]
		[0.4594595 [0.885 0.000 0.465 0.000 0.119 0.966 -0.228 0.000 -0.449 0.257 0.856 0.000 0.000 0.000 0.000 1.000]]
		[0.4864865 [0.913 0.000 0.407 0.000 0.109 0.963 -0.245 0.000 -0.392 0.268 0.880 0.000 0.000 0.000 0.000 1.000]]
		[0.5135135 [0.942 0.000 0.335 0.000 0.094 0.959 -0.265 0.000 -0.322 0.282 0.904 0.000 0.000 0.000 0.000 1.000]]
		[0.5405405 [0.967 0.000 0.255 0.000 0.076 0.955 -0.287 0.000 -0.244 0.297 0.923 0.000 0.000 0.000 0.000 1.000]]
		[0.5675676 [0.985 0.000 0.172 0.000 0.054 0.950 -0.308 0.000 -0.164 0.312 0.936 0.000 0.000 0.000 0.000 1.000]]
		[0.5945946 [0.996 0.000 0.093 0.000 0.030 0.945 -0.325 0.000 -0.088 0.326 0.941 0.000 0.000 0.000 0.000 1.000]]
		[0.6216216 [1.000 0.000 0.025 0.000 0.008 0.941 -0.338 0.000 -0.024 0.338 0.941 0.000 0.000 0.000 0.000 1.000]]
		[0.6486486 [1.000 0.000 0.000 0.000 0.000 0.940 -0.342 0.000 0.000 0.342 0.940 0.000 0.000 0.000 0.000 1.000]]
		[0.6756757 [1.000 0.000 0.000 0.000 0.000 0.940 -0.342 0.000 0.000 0.342 0.940 0.000 0.000 0.000 0.000 1.000]]
		[0.7027027 [1.000 0.000 0.000 0.000 0.000 0.940 -0.342 0.000 0.000 0.342 0.940 0.000 0.000 0.000 0.000 1.000]]
		[0.7297297 [1.000 0.000 0.000 0.000 0.000 0.940 -0.342 0.000 0.000 0.342 0.940 0.000 0.000 0.000 0.000 1.000]]
		[0.7567568 [1.000 0.000 0.000 0.000 0.000 0.940 -0.342 0.000 0.000 0.342 0.940 0.000 0.000 0.000 0.000 1.000]]
		[0.7837838 [1.000 0.000 0.000 0.000 0.000 0.940 -0.342 0.000 0.000 0.342 0.940 0.000 0.000 0.000 0.000 1.000]]
		[0.8108108 [1.000 0.000 0.000 0.000 0.000 0.940 -0.342 0.000 0.000 0.342 0.940 0.000 0.000 0.000 0.000 1.000]]
		[0.8378378 [1.000 0.000 0.000 0.000 0.000 0.940 -0.342 0.000 0.000 0.342 0.940 0.000 0.000 0.000 0.000 1.000]]
		[0.8648649 [1.000 0.000 0.000 0.000 0.000 0.940 -0.342 0.000 0.000 0.342 0.940 0.000 0.000 0.000 0.000 1.000]]
		[0.8918919 [1.000 0.000 0.000 0.000 0.000 0.940 -0.342 0.000 0.000 0.342 0.940 0.000 0.000 0.000 0.000 1.000]]
		[0.9189189 [1.000 0.000 0.000 0.000 0.000 0.940 -0.342 0.000 0.000 0.342 0.940 0.000 0.000 0.000 0.000 1.000]]
		[0.9459459 [1.000 0.000 0.000 0.000 0.000 0.940 -0.342 0.000 0.000 0.342 0.940 0.000 0.000 0.000 0.000 1.000]]
		[0.972973 [1.000 0.000 0.000 0.000 0.000 0.940 -0.342 0.000 0.000 0.342 0.940 0.000 0.000 0.000 0.000 1.000]]
	]
	"Golova" [
		[0 [1.000 0.000 0.000 0.000 0.000 1.000 0.000 0.000 0.000 0.000 1.000 0.000 0.000 -0.001 -0.002 1.000]]
		[0.02702703 [1.000 0.005 -0.006 0.000 -0.006 1.000 -0.028 0.000 0.006 0.028 1.000 0.000 0.000 -0.001 -0.002 1.000]]
		[0.05405406 [1.000 0.021 -0.015 0.000 -0.022 0.998 -0.051 0.000 0.014 0.051 0.999 0.000 -0.001 -0.001 -0.002 1.000]]
		[0.08108108 [0.999 0.044 -0.026 0.000 -0.045 0.997 -0.066 0.000 0.023 0.067 0.997 0.000 -0.001 -0.001 -0.002 1.000]]
		[0.1081081 [0.997 0.067 -0.036 0.000 -0.070 0.995 -0.076 0.000 0.031 0.078 0.996 0.000 -0.001 -0.001 -0.003 1.000]]
		[0.1351351 [0.996 0.083 -0.042 0.000 -0.086 0.993 -0.085 0.000 0.035 0.089 0.995 0.000 -0.001 -0.001 -0.003 1.000]]
		[0.1621622 [0.996 0.082 -0.041 0.000 -0.085 0.991 -0.103 0.000 0.032 0.106 0.994 0.000 -0.002 -0.001 -0.003 1.000]]
		[0.1891892 [0.998 0.056 -0.029 0.000 -0.059 0.989 -0.138 0.000 0.021 0.139 0.990 0.000 -0.001 -0.001 -0.003 1.000]]
		[0.2162162 [1.000 0.008 -0.009 0.000 -0.010 0.983 -0.183 0.000 0.007 0.183 0.983 0.000 -0.001 -0.001 -0.003 1.000]]
		[0.2432432 [0.999 -0.048 0.011 0.000 0.049 0.974 -0.221 0.000 0.000 0.221 0.975 0.000 0.000 -0.001 -0.003 1.000]]
		[0.2702703 [0.995 -0.097 0.024 0.000 0.100 0.965 -0.242 0.000 0.000 0.243 0.970 0.000 0.000 -0.001 -0.002 1.000]]
		[0.2972973 [0.991 -0.128 0.027 0.000 0.131 0.960 -0.246 0.000 0.006 0.248 0.969 0.000 0.000 -0.001 -0.002 1.000]]
		[0.3243243 [0.990 -0.138 0.023 0.000 0.140 0.961 -0.240 0.000 0.011 0.241 0.970 0.000 0.001 -0.001 -0.002 1.000]]
		[0.3513514 [0.991 -0.134 0.017 0.000 0.134 0.964 -0.230 0.000 0.014 0.230 0.973 0.000 0.001 -0.001 -0.001 1.000]]
		[0.3783784 [0.992 -0.126 0.013 0.000 0.126 0.968 -0.219 0.000 0.015 0.219 0.976 0.000 0.001 -0.001 -0.001 1.000]]
		[0.4054054 [0.993 -0.118 0.011 0.000 0.118 0.972 -0.205 0.000 0.013 0.205 0.979 0.000 0.001 -0.001 -0.001 1.000]]
		[0.4324324 [0.994 -0.110 0.011 0.000 0.110 0.976 -0.188 0.000 0.010 0.188 0.982 0.000 0.001 -0.001 -0.001 1.000]]
		[0.4594595 [0.995 -0.103 0.011 0.000 0.103 0.980 -0.168 0.000 0.006 0.168 0.986 0.000 0.001 -0.001 -0.001 1.000]]
		[0.4864865 [0.996 -0.093 0.011 0.000 0.094 0.985 -0.146 0.000 0.002 0.146 0.989 0.000 0.001 -0.001 -0.001 1.000]]
		[0.5135135 [0.997 -0.082 0.011 0.000 0.082 0.989 -0.122 0.000 -0.001 0.122 0.993 0.000 0.001 -0.001 -0.002 1.000]]
		[0.5405405 [0.998 -0.067 0.010 0.000 0.067 0.993 -0.096 0.000 -0.004 0.096 0.995 0.000 0.000 -0.001 -0.002 1.000]]
		[0.5675676 [0.999 -0.048 0.008 0.000 0.049 0.996 -0.068 0.000 -0.005 0.069 0.998 0.000 0.000 -0.001 -0.002 1.000]]
		[0.5945946 [1.000 -0.028 0.005 0.000 0.029 0.999 -0.040 0.000 -0.004 0.040 0.999 0.000 0.000 -0.001 -0.002 1.000]]
		[0.6216216 [1.000 -0.008 0.001 0.000 0.008 1.000 -0.012 0.000 -0.001 0.012 1.000 0.000 0.000 -0.001 -0.002 1.000]]
		[0.6486486 [1.000 0.000 0.000 0.000 0.000 1.000 0.000 0.000 0.000 0.000 1.000 0.000 0.000 -0.001 -0.002 1.000]]
		[0.6756757 [1.000 0.000 0.000 0.000 0.000 1.000 0.000 0.000 0.000 0.000 1.000 0.000 0.000 -0.001 -0.002 1.000]]
		[0.7027027 [1.000 0.000 0.000 0.000 0.000 1.000 0.000 0.000 0.000 0.000 1.000 0.000 0.000 -0.001 -0.002 1.000]]
		[0.7297297 [1.000 0.000 0.000 0.000 0.000 1.000 0.000 0.000 0.000 0.000 1.000 0.000 0.000 -0.001 -0.002 1.000]]
		[0.7567568 [1.000 0.000 0.000 0.000 0.000 1.000 0.000 0.000 0.000 0.000 1.000 0.000 0.000 -0.001 -0.002 1.000]]
		[0.7837838 [1.000 0.000 0.000 0.000 0.000 1.000 0.000 0.000 0.000 0.000 1.000 0.000 0.000 -0.001 -0.002 1.000]]
		[0.8108108 [1.000 0.000 0.000 0.000 0.000 1.000 0.000 0.000 0.000 0.000 1.000 0.000 0.000 -0.001 -0.002 1.000]]
		[0.8378378 [1.000 0.000 0.000 0.000 0.000 1.000 0.000 0.000 0.000 0.000 1.000 0.000 0.000 -0.001 -0.002 1.000]]
		[0.8648649 [1.000 0.000 0.000 0.000 0.000 1.000 0.000 0.000 0.000 0.000 1.000 0.000 0.000 -0.001 -0.002 1.000]]
		[0.8918919 [1.000 0.000 0.000 0.000 0.000 1.000 0.000 0.000 0.000 0.000 1.000 0.000 0.000 -0.001 -0.002 1.000]]
		[0.9189189 [1.000 0.000 0.000 0.000 0.000 1.000 0.000 0.000 0.000 0.000 1.000 0.000 0.000 -0.001 -0.002 1.000]]
		[0.9459459 [1.000 0.000 0.000 0.000 0.000 1.000 0.000 0.000 0.000 0.000 1.000 0.000 0.000 -0.001 -0.002 1.000]]
		[0.972973 [1.000 0.000 0.000 0.000 0.000 1.000 0.000 0.000 0.000 0.000 1.000 0.000 0.000 -0.001 -0.002 1.000]]
	]
	"Golova_end" [
		[0 [1.000 0.000 0.000 0.000 0.000 1.000 0.000 0.000 0.000 0.000 1.000 0.000 0.000 -0.001 -0.002 1.000]]
		[0.02702703 [1.000 0.005 -0.006 0.000 -0.006 1.000 -0.028 0.000 0.006 0.028 1.000 0.000 0.000 -0.001 -0.002 1.000]]
		[0.05405406 [1.000 0.021 -0.015 0.000 -0.022 0.998 -0.051 0.000 0.014 0.051 0.999 0.000 -0.001 -0.001 -0.003 1.000]]
		[0.08108108 [0.999 0.044 -0.026 0.000 -0.045 0.997 -0.066 0.000 0.023 0.067 0.997 0.000 -0.001 -0.001 -0.003 1.000]]
		[0.1081081 [0.997 0.067 -0.036 0.000 -0.070 0.995 -0.076 0.000 0.031 0.078 0.996 0.000 -0.001 -0.001 -0.003 1.000]]
		[0.1351351 [0.996 0.083 -0.042 0.000 -0.086 0.993 -0.085 0.000 0.035 0.089 0.995 0.000 -0.002 -0.001 -0.003 1.000]]
		[0.1621622 [0.996 0.082 -0.041 0.000 -0.085 0.991 -0.103 0.000 0.032 0.106 0.994 0.000 -0.002 -0.001 -0.003 1.000]]
		[0.1891892 [0.998 0.056 -0.029 0.000 -0.059 0.989 -0.138 0.000 0.021 0.139 0.990 0.000 -0.002 -0.001 -0.003 1.000]]
		[0.2162162 [1.000 0.008 -0.009 0.000 -0.010 0.983 -0.183 0.000 0.007 0.183 0.983 0.000 -0.001 -0.001 -0.003 1.000]]
		[0.2432432 [0.999 -0.048 0.011 0.000 0.049 0.974 -0.221 0.000 0.000 0.221 0.975 0.000 0.000 -0.001 -0.003 1.000]]
		[0.2702703 [0.995 -0.097 0.024 0.000 0.100 0.965 -0.242 0.000 0.000 0.243 0.970 0.000 0.000 -0.001 -0.003 1.000]]
		[0.2972973 [0.991 -0.128 0.027 0.000 0.131 0.960 -0.246 0.000 0.006 0.248 0.969 0.000 0.001 -0.001 -0.003 1.000]]
		[0.3243243 [0.990 -0.138 0.023 0.000 0.140 0.961 -0.240 0.000 0.011 0.241 0.970 0.000 0.001 -0.001 -0.002 1.000]]
		[0.3513514 [0.991 -0.134 0.017 0.000 0.134 0.964 -0.230 0.000 0.014 0.230 0.973 0.000 0.001 -0.001 -0.002 1.000]]
		[0.3783784 [0.992 -0.126 0.013 0.000 0.126 0.968 -0.219 0.000 0.015 0.219 0.976 0.000 0.001 -0.001 -0.002 1.000]]
		[0.4054054 [0.993 -0.118 0.011 0.000 0.118 0.972 -0.205 0.000 0.013 0.205 0.979 0.000 0.001 -0.001 -0.002 1.000]]
		[0.4324324 [0.994 -0.110 0.011 0.000 0.110 0.976 -0.188 0.000 0.010 0.188 0.982 0.000 0.001 -0.001 -0.002 1.000]]
		[0.4594595 [0.995 -0.103 0.011 0.000 0.103 0.980 -0.168 0.000 0.006 0.168 0.986 0.000 0.001 -0.001 -0.002 1.000]]
		[0.4864865 [0.996 -0.093 0.011 0.000 0.094 0.985 -0.146 0.000 0.002 0.146 0.989 0.000 0.001 -0.001 -0.002 1.000]]
		[0.5135135 [0.997 -0.082 0.011 0.000 0.082 0.989 -0.122 0.000 -0.001 0.122 0.993 0.000 0.001 -0.001 -0.002 1.000]]
		[0.5405405 [0.998 -0.067 0.010 0.000 0.067 0.993 -0.096 0.000 -0.004 0.096 0.995 0.000 0.001 -0.001 -0.002 1.000]]
		[0.5675676 [0.999 -0.048 0.008 0.000 0.049 0.996 -0.068 0.000 -0.005 0.069 0.998 0.000 0.000 -0.001 -0.002 1.000]]
		[0.5945946 [1.000 -0.028 0.005 0.000 0.029 0.999 -0.040 0.000 -0.004 0.040 0.999 0.000 0.000 -0.001 -0.002 1.000]]
		[0.6216216 [1.000 -0.008 0.001 0.000 0.008 1.000 -0.012 0.000 -0.001 0.012 1.000 0.000 0.000 -0.001 -0.002 1.000]]
		[0.6486486 [1.000 0.000 0.000 0.000 0.000 1.000 0.000 0.000 0.000 0.000 1.000 0.000 0.000 -0.001 -0.002 1.000]]
		[0.6756757 [1.000 0.000 0.000 0.000 0.000 1.000 0.000 0.000 0.000 0.000 1.000 0.000 0.000 -0.001 -0.002 1.000]]
		[0.7027027 [1.000 0.000 0.000 0.000 0.000 1.000 0.000 0.000 0.000 0.000 1.000 0.000 0.000 -0.001 -0.002 1.000]]
		[0.7297297 [1.000 0.000 0.000 0.000 0.000 1.000 0.000 0.000 0.000 0.000 1.000 0.000 0.000 -0.001 -0.002 1.000]]
		[0.7567568 [1.000 0.000 0.000 0.000 0.000 1.000 0.000 0.000 0.000 0.000 1.000 0.000 0.000 -0.001 -0.002 1.000]]
		[0.7837838 [1.000 0.000 0.000 0.000 0.000 1.000 0.000 0.000 0.000 0.000 1.000 0.000 0.000 -0.001 -0.002 1.000]]
		[0.8108108 [1.000 0.000 0.000 0.000 0.000 1.000 0.000 0.000 0.000 0.000 1.000 0.000 0.000 -0.001 -0.002 1.000]]
		[0.8378378 [1.000 0.000 0.000 0.000 0.000 1.000 0.000 0.000 0.000 0.000 1.000 0.000 0.000 -0.001 -0.002 1.000]]
		[0.8648649 [1.000 0.000 0.000 0.000 0.000 1.000 0.000 0.000 0.000 0.000 1.000 0.000 0.000 -0.001 -0.002 1.000]]
		[0.8918919 [1.000 0.000 0.000 0.000 0.000 1.000 0.000 0.000 0.000 0.000 1.000 0.000 0.000 -0.001 -0.002 1.000]]
		[0.9189189 [1.000 0.000 0.000 0.000 0.000 1.000 0.000 0.000 0.000 0.000 1.000 0.000 0.000 -0.001 -0.002 1.000]]
		[0.9459459 [1.000 0.000 0.000 0.000 0.000 1.000 0.000 0.000 0.000 0.000 1.000 0.000 0.000 -0.001 -0.002 1.000]]
		[0.972973 [1.000 0.000 0.000 0.000 0.000 1.000 0.000 0.000 0.000 0.000 1.000 0.000 0.000 -0.001 -0.002 1.000]]
	]
	"Kluchitsa_L" [
		[0 [0.940 0.000 0.342 0.000 0.000 1.000 0.000 0.000 -0.342 0.000 0.940 0.000 -0.002 0.000 -0.001 1.000]]
		[0.02702703 [0.923 0.093 0.373 0.000 -0.100 0.995 0.000 0.000 -0.371 -0.037 0.928 0.000 -0.002 0.000 -0.001 1.000]]
		[0.05405406 [0.891 0.199 0.407 0.000 -0.218 0.976 0.000 0.000 -0.398 -0.089 0.913 0.000 -0.002 0.000 -0.001 1.000]]
		[0.08108108 [0.846 0.299 0.442 0.000 -0.333 0.943 0.000 0.000 -0.417 -0.147 0.897 0.000 -0.002 -0.001 -0.001 1.000]]
		[0.1081081 [0.797 0.378 0.472 0.000 -0.428 0.904 0.000 0.000 -0.426 -0.202 0.882 0.000 -0.002 -0.001 -0.001 1.000]]
		[0.1351351 [0.759 0.426 0.493 0.000 -0.489 0.872 0.000 0.000 -0.430 -0.241 0.870 0.000 -0.002 -0.001 -0.001 1.000]]
		[0.1621622 [0.748 0.436 0.500 0.000 -0.503 0.864 0.000 0.000 -0.432 -0.252 0.866 0.000 -0.002 -0.001 -0.001 1.000]]
		[0.1891892 [0.776 0.396 0.491 0.000 -0.455 0.891 0.000 0.000 -0.437 -0.223 0.871 0.000 -0.002 -0.001 -0.001 1.000]]
		[0.2162162 [0.832 0.302 0.466 0.000 -0.341 0.940 0.000 0.000 -0.438 -0.159 0.885 0.000 -0.002 -0.001 -0.001 1.000]]
		[0.2432432 [0.889 0.161 0.429 0.000 -0.179 0.984 0.000 0.000 -0.422 -0.077 0.904 0.000 -0.002 0.000 -0.001 1.000]]
