{ :name "Death" :length 0.4833333 :bones { 
	"Armature" [
		[0 [1.000 0.000 0.000 0.000 0.000 1.000 0.000 0.000 0.000 0.000 1.000 0.000 0.000 0.000 0.000 1.000]]
	]
	"Skelet" [
		[0 [1.000 0.000 0.000 0.000 0.000 1.000 0.000 0.000 0.000 0.000 1.000 0.000 0.000 0.000 0.000 1.000]]
		[0.03571429 [1.000 0.000 0.000 0.000 0.000 0.987 0.164 0.000 0.000 -0.164 0.987 0.000 0.000 0.000 0.000 1.000]]
		[0.07142857 [1.000 0.000 0.000 0.000 0.000 0.947 0.321 0.000 0.000 -0.321 0.947 0.000 0.000 0.000 0.000 1.000]]
		[0.1071429 [1.000 0.000 0.000 0.000 0.000 0.881 0.473 0.000 0.000 -0.473 0.881 0.000 0.000 0.001 0.000 1.000]]
		[0.1428571 [1.000 0.000 0.000 0.000 0.000 0.788 0.615 0.000 0.000 -0.615 0.788 0.000 0.000 0.000 0.000 1.000]]
		[0.1785714 [1.000 0.000 0.000 0.000 0.000 0.658 0.753 0.000 0.000 -0.753 0.658 0.000 0.000 -0.001 0.000 1.000]]
		[0.2142857 [1.000 0.000 0.000 0.000 0.000 0.482 0.876 0.000 0.000 -0.876 0.482 0.000 0.000 -0.004 0.000 1.000]]
		[0.25 [1.000 0.000 0.000 0.000 0.000 0.287 0.958 0.000 0.000 -0.958 0.287 0.000 0.000 -0.007 0.000 1.000]]
		[0.2857143 [1.000 0.000 0.000 0.000 0.000 0.110 0.994 0.000 0.000 -0.994 0.110 0.000 0.000 -0.009 0.000 1.000]]
		[0.3214286 [1.000 0.000 0.000 0.000 0.000 -0.010 1.000 0.000 0.000 -1.000 -0.010 0.000 0.000 -0.011 0.000 1.000]]
		[0.3571429 [1.000 0.000 0.000 0.000 0.000 -0.028 1.000 0.000 0.000 -1.000 -0.028 0.000 0.000 -0.011 0.000 1.000]]
		[0.3928571 [1.000 0.000 0.000 0.000 0.000 -0.002 1.000 0.000 0.000 -1.000 -0.002 0.000 0.000 -0.010 0.000 1.000]]
		[0.4285714 [1.000 0.000 0.000 0.000 0.000 0.000 1.000 0.000 0.000 -1.000 0.000 0.000 0.000 -0.010 0.000 1.000]]
		[0.4642857 [1.000 0.000 0.000 0.000 0.000 0.000 1.000 0.000 0.000 -1.000 0.000 0.000 0.000 -0.010 0.000 1.000]]
		[0.5 [1.000 0.000 0.000 0.000 0.000 0.000 1.000 0.000 0.000 -1.000 0.000 0.000 0.000 -0.011 0.000 1.000]]
		[0.5357143 [1.000 0.000 0.000 0.000 0.000 0.000 1.000 0.000 0.000 -1.000 0.000 0.000 0.000 -0.011 0.000 1.000]]
		[0.5714286 [1.000 0.000 0.000 0.000 0.000 0.000 1.000 0.000 0.000 -1.000 0.000 0.000 0.000 -0.011 0.000 1.000]]
		[0.6071429 [1.000 0.000 0.000 0.000 0.000 0.000 1.000 0.000 0.000 -1.000 0.000 0.000 0.000 -0.011 0.000 1.000]]
		[0.6428571 [1.000 0.000 0.000 0.000 0.000 0.000 1.000 0.000 0.000 -1.000 0.000 0.000 0.000 -0.011 0.000 1.000]]
		[0.6785714 [1.000 0.000 0.000 0.000 0.000 0.000 1.000 0.000 0.000 -1.000 0.000 0.000 0.000 -0.011 0.000 1.000]]
		[0.7142857 [1.000 0.000 0.000 0.000 0.000 0.000 1.000 0.000 0.000 -1.000 0.000 0.000 0.000 -0.011 0.000 1.000]]
		[0.75 [1.000 0.000 0.000 0.000 0.000 0.000 1.000 0.000 0.000 -1.000 0.000 0.000 0.000 -0.011 0.000 1.000]]
		[0.7857143 [1.000 0.000 0.000 0.000 0.000 0.000 1.000 0.000 0.000 -1.000 0.000 0.000 0.000 -0.011 0.000 1.000]]
		[0.8214286 [1.000 0.000 0.000 0.000 0.000 0.000 1.000 0.000 0.000 -1.000 0.000 0.000 0.000 -0.011 0.000 1.000]]
		[0.8571429 [1.000 0.000 0.000 0.000 0.000 0.000 1.000 0.000 0.000 -1.000 0.000 0.000 0.000 -0.011 0.000 1.000]]
		[0.8928571 [1.000 0.000 0.000 0.000 0.000 0.000 1.000 0.000 0.000 -1.000 0.000 0.000 0.000 -0.011 0.000 1.000]]
		[0.9285714 [1.000 0.000 0.000 0.000 0.000 0.000 1.000 0.000 0.000 -1.000 0.000 0.000 0.000 -0.011 0.000 1.000]]
		[0.9642857 [1.000 0.000 0.000 0.000 0.000 0.000 1.000 0.000 0.000 -1.000 0.000 0.000 0.000 -0.011 0.000 1.000]]
	]
	"Bedro_L" [
		[0 [0.962 0.268 0.050 0.000 -0.272 0.952 0.138 0.000 -0.011 -0.147 0.989 0.000 0.000 0.000 0.000 1.000]]
		[0.03571429 [0.873 0.487 -0.026 0.000 -0.476 0.862 0.173 0.000 0.106 -0.139 0.985 0.000 0.000 0.000 0.000 1.000]]
		[0.07142857 [0.732 0.673 -0.101 0.000 -0.644 0.733 0.221 0.000 0.223 -0.096 0.970 0.000 0.000 0.000 0.000 1.000]]
		[0.1071429 [0.542 0.825 -0.159 0.000 -0.779 0.564 0.275 0.000 0.317 -0.025 0.948 0.000 0.000 -0.001 0.000 1.000]]
		[0.1428571 [0.301 0.936 -0.184 0.000 -0.879 0.347 0.329 0.000 0.371 0.063 0.926 0.000 0.000 0.000 0.000 1.000]]
		[0.1785714 [-0.023 0.988 -0.155 0.000 -0.925 0.037 0.377 0.000 0.379 0.152 0.913 0.000 0.000 0.001 0.000 1.000]]
		[0.2142857 [-0.418 0.905 -0.074 0.000 -0.840 -0.355 0.410 0.000 0.345 0.233 0.909 0.000 0.000 0.004 0.000 1.000]]
		[0.25 [-0.741 0.671 0.020 0.000 -0.606 -0.681 0.412 0.000 0.290 0.293 0.911 0.000 0.000 0.006 0.000 1.000]]
		[0.2857143 [-0.907 0.412 0.085 0.000 -0.349 -0.850 0.395 0.000 0.235 0.329 0.915 0.000 0.000 0.009 0.000 1.000]]
		[0.3214286 [-0.951 0.294 0.092 0.000 -0.237 -0.890 0.390 0.000 0.197 0.350 0.916 0.000 0.000 0.010 0.000 1.000]]
		[0.3571429 [-0.911 0.411 0.032 0.000 -0.365 -0.841 0.400 0.000 0.191 0.353 0.916 0.000 0.000 0.010 0.000 1.000]]
		[0.3928571 [-0.767 0.638 -0.075 0.000 -0.610 -0.687 0.394 0.000 0.199 0.348 0.916 0.000 0.000 0.010 0.000 1.000]]
		[0.4285714 [-0.533 0.823 -0.196 0.000 -0.822 -0.449 0.350 0.000 0.200 0.348 0.916 0.000 0.000 0.010 0.000 1.000]]
		[0.4642857 [-0.247 0.923 -0.296 0.000 -0.948 -0.167 0.270 0.000 0.200 0.348 0.916 0.000 0.000 0.010 0.000 1.000]]
		[0.5 [-0.102 0.937 -0.333 0.000 -0.975 -0.026 0.223 0.000 0.200 0.348 0.916 0.000 0.000 0.010 0.000 1.000]]
		[0.5357143 [-0.102 0.937 -0.333 0.000 -0.975 -0.026 0.223 0.000 0.200 0.348 0.916 0.000 0.000 0.010 0.000 1.000]]
		[0.5714286 [-0.102 0.937 -0.333 0.000 -0.975 -0.026 0.223 0.000 0.200 0.348 0.916 0.000 0.000 0.010 0.000 1.000]]
		[0.6071429 [-0.102 0.937 -0.333 0.000 -0.975 -0.026 0.223 0.000 0.200 0.348 0.916 0.000 0.000 0.010 0.000 1.000]]
		[0.6428571 [-0.102 0.937 -0.333 0.000 -0.975 -0.026 0.223 0.000 0.200 0.348 0.916 0.000 0.000 0.010 0.000 1.000]]
		[0.6785714 [-0.102 0.937 -0.333 0.000 -0.975 -0.026 0.223 0.000 0.200 0.348 0.916 0.000 0.000 0.010 0.000 1.000]]
		[0.7142857 [-0.102 0.937 -0.333 0.000 -0.975 -0.026 0.223 0.000 0.200 0.348 0.916 0.000 0.000 0.010 0.000 1.000]]
		[0.75 [-0.102 0.937 -0.333 0.000 -0.975 -0.026 0.223 0.000 0.200 0.348 0.916 0.000 0.000 0.010 0.000 1.000]]
		[0.7857143 [-0.102 0.937 -0.333 0.000 -0.975 -0.026 0.223 0.000 0.200 0.348 0.916 0.000 0.000 0.010 0.000 1.000]]
		[0.8214286 [-0.102 0.937 -0.333 0.000 -0.975 -0.026 0.223 0.000 0.200 0.348 0.916 0.000 0.000 0.010 0.000 1.000]]
		[0.8571429 [-0.102 0.937 -0.333 0.000 -0.975 -0.026 0.223 0.000 0.200 0.348 0.916 0.000 0.000 0.010 0.000 1.000]]
		[0.8928571 [-0.102 0.937 -0.333 0.000 -0.975 -0.026 0.223 0.000 0.200 0.348 0.916 0.000 0.000 0.010 0.000 1.000]]
		[0.9285714 [-0.102 0.937 -0.333 0.000 -0.975 -0.026 0.223 0.000 0.200 0.348 0.916 0.000 0.000 0.010 0.000 1.000]]
		[0.9642857 [-0.102 0.937 -0.333 0.000 -0.975 -0.026 0.223 0.000 0.200 0.348 0.916 0.000 0.000 0.010 0.000 1.000]]
	]
	"Koleno_L" [
		[0 [1.000 0.018 -0.014 0.000 -0.020 0.987 -0.158 0.000 0.011 0.158 0.987 0.000 0.001 0.000 -0.001 1.000]]
		[0.03571429 [0.983 -0.152 -0.104 0.000 0.136 0.980 -0.148 0.000 0.124 0.131 0.984 0.000 0.002 -0.001 -0.001 1.000]]
		[0.07142857 [0.932 -0.302 -0.199 0.000 0.279 0.951 -0.136 0.000 0.230 0.071 0.971 0.000 0.003 -0.002 -0.001 1.000]]
		[0.1071429 [0.847 -0.451 -0.283 0.000 0.433 0.892 -0.128 0.000 0.310 -0.014 0.951 0.000 0.004 -0.004 -0.001 1.000]]
		[0.1428571 [0.715 -0.612 -0.338 0.000 0.606 0.784 -0.138 0.000 0.349 -0.107 0.931 0.000 0.004 -0.004 -0.002 1.000]]
		[0.1785714 [0.483 -0.803 -0.349 0.000 0.806 0.564 -0.182 0.000 0.343 -0.193 0.919 0.000 0.005 -0.005 -0.002 1.000]]
		[0.2142857 [0.108 -0.945 -0.308 0.000 0.948 0.192 -0.255 0.000 0.300 -0.264 0.917 0.000 0.004 -0.004 -0.002 1.000]]
		[0.25 [-0.297 -0.925 -0.236 0.000 0.924 -0.216 -0.315 0.000 0.241 -0.312 0.919 0.000 0.003 -0.003 -0.002 1.000]]
		[0.2857143 [-0.584 -0.793 -0.174 0.000 0.791 -0.507 -0.344 0.000 0.184 -0.338 0.923 0.000 0.001 -0.001 -0.002 1.000]]
		[0.3214286 [-0.682 -0.712 -0.165 0.000 0.717 -0.607 -0.344 0.000 0.144 -0.353 0.924 0.000 0.001 0.000 -0.002 1.000]]
		[0.3571429 [-0.562 -0.796 -0.224 0.000 0.816 -0.489 -0.309 0.000 0.137 -0.356 0.924 0.000 0.002 0.000 -0.002 1.000]]
		[0.3928571 [-0.313 -0.902 -0.297 0.000 0.939 -0.247 -0.240 0.000 0.143 -0.354 0.924 0.000 0.003 0.000 -0.002 1.000]]
		[0.4285714 [-0.103 -0.933 -0.344 0.000 0.985 -0.047 -0.168 0.000 0.141 -0.356 0.924 0.000 0.004 0.001 -0.002 1.000]]
		[0.4642857 [0.046 -0.929 -0.368 0.000 0.989 0.094 -0.113 0.000 0.139 -0.359 0.923 0.000 0.005 0.003 -0.001 1.000]]
		[0.5 [0.109 -0.920 -0.376 0.000 0.984 0.153 -0.088 0.000 0.139 -0.360 0.923 0.000 0.005 0.004 -0.001 1.000]]
		[0.5357143 [0.109 -0.920 -0.376 0.000 0.984 0.153 -0.088 0.000 0.139 -0.360 0.923 0.000 0.005 0.004 -0.001 1.000]]
		[0.5714286 [0.109 -0.920 -0.376 0.000 0.984 0.153 -0.088 0.000 0.139 -0.360 0.923 0.000 0.005 0.004 -0.001 1.000]]
		[0.6071429 [0.109 -0.920 -0.376 0.000 0.984 0.153 -0.088 0.000 0.139 -0.360 0.923 0.000 0.005 0.004 -0.001 1.000]]
		[0.6428571 [0.109 -0.920 -0.376 0.000 0.984 0.153 -0.088 0.000 0.139 -0.360 0.923 0.000 0.005 0.004 -0.001 1.000]]
		[0.6785714 [0.109 -0.920 -0.376 0.000 0.984 0.153 -0.088 0.000 0.139 -0.360 0.923 0.000 0.005 0.004 -0.001 1.000]]
		[0.7142857 [0.109 -0.920 -0.376 0.000 0.984 0.153 -0.088 0.000 0.139 -0.360 0.923 0.000 0.005 0.004 -0.001 1.000]]
		[0.75 [0.109 -0.920 -0.376 0.000 0.984 0.153 -0.088 0.000 0.139 -0.360 0.923 0.000 0.005 0.004 -0.001 1.000]]
		[0.7857143 [0.109 -0.920 -0.376 0.000 0.984 0.153 -0.088 0.000 0.139 -0.360 0.923 0.000 0.005 0.004 -0.001 1.000]]
		[0.8214286 [0.109 -0.920 -0.376 0.000 0.984 0.153 -0.088 0.000 0.139 -0.360 0.923 0.000 0.005 0.004 -0.001 1.000]]
		[0.8571429 [0.109 -0.920 -0.376 0.000 0.984 0.153 -0.088 0.000 0.139 -0.360 0.923 0.000 0.005 0.004 -0.001 1.000]]
		[0.8928571 [0.109 -0.920 -0.376 0.000 0.984 0.153 -0.088 0.000 0.139 -0.360 0.923 0.000 0.005 0.004 -0.001 1.000]]
		[0.9285714 [0.109 -0.920 -0.376 0.000 0.984 0.153 -0.088 0.000 0.139 -0.360 0.923 0.000 0.005 0.004 -0.001 1.000]]
		[0.9642857 [0.109 -0.920 -0.376 0.000 0.984 0.153 -0.088 0.000 0.139 -0.360 0.923 0.000 0.005 0.004 -0.001 1.000]]
	]
	"Koleno_L_end" [
		[0 [1.000 0.018 -0.014 0.000 -0.020 0.987 -0.158 0.000 0.011 0.158 0.987 0.000 0.001 0.000 -0.002 1.000]]
		[0.03571429 [0.983 -0.152 -0.104 0.000 0.136 0.980 -0.148 0.000 0.124 0.131 0.984 0.000 0.003 -0.001 -0.002 1.000]]
		[0.07142857 [0.932 -0.302 -0.199 0.000 0.279 0.951 -0.136 0.000 0.230 0.071 0.971 0.000 0.005 -0.003 -0.002 1.000]]
		[0.1071429 [0.847 -0.451 -0.283 0.000 0.433 0.892 -0.128 0.000 0.310 -0.014 0.951 0.000 0.006 -0.004 -0.002 1.000]]
		[0.1428571 [0.715 -0.612 -0.338 0.000 0.606 0.784 -0.138 0.000 0.349 -0.107 0.931 0.000 0.008 -0.006 -0.003 1.000]]
		[0.1785714 [0.483 -0.803 -0.349 0.000 0.806 0.564 -0.182 0.000 0.343 -0.193 0.919 0.000 0.009 -0.007 -0.003 1.000]]
		[0.2142857 [0.108 -0.945 -0.308 0.000 0.948 0.192 -0.255 0.000 0.300 -0.264 0.917 0.000 0.009 -0.009 -0.004 1.000]]
		[0.25 [-0.297 -0.925 -0.236 0.000 0.924 -0.216 -0.315 0.000 0.241 -0.312 0.919 0.000 0.008 -0.010 -0.004 1.000]]
		[0.2857143 [-0.584 -0.793 -0.174 0.000 0.791 -0.507 -0.344 0.000 0.184 -0.338 0.923 0.000 0.006 -0.010 -0.004 1.000]]
		[0.3214286 [-0.682 -0.712 -0.165 0.000 0.717 -0.607 -0.344 0.000 0.144 -0.353 0.924 0.000 0.005 -0.009 -0.004 1.000]]
		[0.3571429 [-0.562 -0.796 -0.224 0.000 0.816 -0.489 -0.309 0.000 0.137 -0.356 0.924 0.000 0.006 -0.008 -0.004 1.000]]
		[0.3928571 [-0.313 -0.902 -0.297 0.000 0.939 -0.247 -0.240 0.000 0.143 -0.354 0.924 0.000 0.008 -0.007 -0.003 1.000]]
		[0.4285714 [-0.103 -0.933 -0.344 0.000 0.985 -0.047 -0.168 0.000 0.141 -0.356 0.924 0.000 0.010 -0.005 -0.003 1.000]]
		[0.4642857 [0.046 -0.929 -0.368 0.000 0.989 0.094 -0.113 0.000 0.139 -0.359 0.923 0.000 0.011 -0.002 -0.002 1.000]]
		[0.5 [0.109 -0.920 -0.376 0.000 0.984 0.153 -0.088 0.000 0.139 -0.360 0.923 0.000 0.011 -0.001 -0.001 1.000]]
		[0.5357143 [0.109 -0.920 -0.376 0.000 0.984 0.153 -0.088 0.000 0.139 -0.360 0.923 0.000 0.011 -0.001 -0.001 1.000]]
		[0.5714286 [0.109 -0.920 -0.376 0.000 0.984 0.153 -0.088 0.000 0.139 -0.360 0.923 0.000 0.011 -0.001 -0.001 1.000]]
		[0.6071429 [0.109 -0.920 -0.376 0.000 0.984 0.153 -0.088 0.000 0.139 -0.360 0.923 0.000 0.011 -0.001 -0.001 1.000]]
		[0.6428571 [0.109 -0.920 -0.376 0.000 0.984 0.153 -0.088 0.000 0.139 -0.360 0.923 0.000 0.011 -0.001 -0.001 1.000]]
		[0.6785714 [0.109 -0.920 -0.376 0.000 0.984 0.153 -0.088 0.000 0.139 -0.360 0.923 0.000 0.011 -0.001 -0.001 1.000]]
		[0.7142857 [0.109 -0.920 -0.376 0.000 0.984 0.153 -0.088 0.000 0.139 -0.360 0.923 0.000 0.011 -0.001 -0.001 1.000]]
		[0.75 [0.109 -0.920 -0.376 0.000 0.984 0.153 -0.088 0.000 0.139 -0.360 0.923 0.000 0.011 -0.001 -0.001 1.000]]
		[0.7857143 [0.109 -0.920 -0.376 0.000 0.984 0.153 -0.088 0.000 0.139 -0.360 0.923 0.000 0.011 -0.001 -0.001 1.000]]
		[0.8214286 [0.109 -0.920 -0.376 0.000 0.984 0.153 -0.088 0.000 0.139 -0.360 0.923 0.000 0.011 -0.001 -0.001 1.000]]
		[0.8571429 [0.109 -0.920 -0.376 0.000 0.984 0.153 -0.088 0.000 0.139 -0.360 0.923 0.000 0.011 -0.001 -0.001 1.000]]
		[0.8928571 [0.109 -0.920 -0.376 0.000 0.984 0.153 -0.088 0.000 0.139 -0.360 0.923 0.000 0.011 -0.001 -0.001 1.000]]
		[0.9285714 [0.109 -0.920 -0.376 0.000 0.984 0.153 -0.088 0.000 0.139 -0.360 0.923 0.000 0.011 -0.001 -0.001 1.000]]
		[0.9642857 [0.109 -0.920 -0.376 0.000 0.984 0.153 -0.088 0.000 0.139 -0.360 0.923 0.000 0.011 -0.001 -0.001 1.000]]
	]
	"Bedro_P" [
		[0 [0.674 0.269 0.688 0.000 -0.027 0.939 -0.342 0.000 -0.738 0.212 0.640 0.000 0.000 0.000 0.000 1.000]]
		[0.03571429 [0.684 0.455 0.570 0.000 -0.281 0.885 -0.371 0.000 -0.673 0.094 0.734 0.000 0.000 0.000 0.000 1.000]]
		[0.07142857 [0.633 0.639 0.437 0.000 -0.519 0.769 -0.372 0.000 -0.574 0.008 0.819 0.000 0.000 0.000 0.000 1.000]]
		[0.1071429 [0.506 0.806 0.308 0.000 -0.724 0.591 -0.356 0.000 -0.469 -0.043 0.882 0.000 0.000 -0.001 0.000 1.000]]
		[0.1428571 [0.298 0.933 0.200 0.000 -0.873 0.351 -0.337 0.000 -0.385 -0.074 0.920 0.000 0.000 0.000 0.000 1.000]]
		[0.1785714 [-0.019 0.993 0.116 0.000 -0.941 0.022 -0.337 0.000 -0.337 -0.116 0.934 0.000 0.000 0.001 0.000 1.000]]
		[0.2142857 [-0.417 0.908 0.038 0.000 -0.856 -0.379 -0.353 0.000 -0.306 -0.180 0.935 0.000 0.000 0.004 0.000 1.000]]
		[0.25 [-0.742 0.670 -0.034 0.000 -0.613 -0.698 -0.370 0.000 -0.271 -0.253 0.929 0.000 0.000 0.006 0.000 1.000]]
		[0.2857143 [-0.908 0.411 -0.085 0.000 -0.351 -0.855 -0.382 0.000 -0.229 -0.317 0.920 0.000 0.000 0.009 0.000 1.000]]
		[0.3214286 [-0.952 0.293 -0.088 0.000 -0.238 -0.890 -0.390 0.000 -0.193 -0.350 0.917 0.000 0.000 0.010 0.000 1.000]]
		[0.3571429 [-0.911 0.410 -0.028 0.000 -0.366 -0.841 -0.399 0.000 -0.187 -0.353 0.917 0.000 0.000 0.010 0.000 1.000]]
		[0.3928571 [-0.767 0.637 0.079 0.000 -0.612 -0.687 -0.392 0.000 -0.196 -0.348 0.917 0.000 0.000 0.010 0.000 1.000]]
		[0.4285714 [-0.532 0.823 0.198 0.000 -0.824 -0.449 -0.347 0.000 -0.196 -0.348 0.917 0.000 0.000 0.010 0.000 1.000]]
		[0.4642857 [-0.246 0.923 0.297 0.000 -0.949 -0.167 -0.267 0.000 -0.196 -0.348 0.917 0.000 0.000 0.010 0.000 1.000]]
		[0.5 [-0.101 0.937 0.334 0.000 -0.975 -0.027 -0.219 0.000 -0.196 -0.348 0.917 0.000 0.000 0.010 0.000 1.000]]
		[0.5357143 [-0.101 0.937 0.334 0.000 -0.975 -0.027 -0.219 0.000 -0.196 -0.348 0.917 0.000 0.000 0.010 0.000 1.000]]
		[0.5714286 [-0.101 0.937 0.334 0.000 -0.975 -0.027 -0.219 0.000 -0.196 -0.348 0.917 0.000 0.000 0.010 0.000 1.000]]
		[0.6071429 [-0.101 0.937 0.334 0.000 -0.975 -0.027 -0.219 0.000 -0.196 -0.348 0.917 0.000 0.000 0.010 0.000 1.000]]
		[0.6428571 [-0.101 0.937 0.334 0.000 -0.975 -0.027 -0.219 0.000 -0.196 -0.348 0.917 0.000 0.000 0.010 0.000 1.000]]
		[0.6785714 [-0.101 0.937 0.334 0.000 -0.975 -0.027 -0.219 0.000 -0.196 -0.348 0.917 0.000 0.000 0.010 0.000 1.000]]
		[0.7142857 [-0.101 0.937 0.334 0.000 -0.975 -0.027 -0.219 0.000 -0.196 -0.348 0.917 0.000 0.000 0.010 0.000 1.000]]
		[0.75 [-0.101 0.937 0.334 0.000 -0.975 -0.027 -0.219 0.000 -0.196 -0.348 0.917 0.000 0.000 0.010 0.000 1.000]]
		[0.7857143 [-0.101 0.937 0.334 0.000 -0.975 -0.027 -0.219 0.000 -0.196 -0.348 0.917 0.000 0.000 0.010 0.000 1.000]]
		[0.8214286 [-0.101 0.937 0.334 0.000 -0.975 -0.027 -0.219 0.000 -0.196 -0.348 0.917 0.000 0.000 0.010 0.000 1.000]]
		[0.8571429 [-0.101 0.937 0.334 0.000 -0.975 -0.027 -0.219 0.000 -0.196 -0.348 0.917 0.000 0.000 0.010 0.000 1.000]]
		[0.8928571 [-0.101 0.937 0.334 0.000 -0.975 -0.027 -0.219 0.000 -0.196 -0.348 0.917 0.000 0.000 0.010 0.000 1.000]]
		[0.9285714 [-0.101 0.937 0.334 0.000 -0.975 -0.027 -0.219 0.000 -0.196 -0.348 0.917 0.000 0.000 0.010 0.000 1.000]]
		[0.9642857 [-0.101 0.937 0.334 0.000 -0.975 -0.027 -0.219 0.000 -0.196 -0.348 0.917 0.000 0.000 0.010 0.000 1.000]]
	]
	"Koleno_P" [
		[0 [0.632 0.055 0.773 0.000 -0.121 0.992 0.029 0.000 -0.765 -0.112 0.634 0.000 0.000 0.000 0.002 1.000]]
		[0.03571429 [0.727 -0.083 0.682 0.000 0.057 0.997 0.060 0.000 -0.685 -0.005 0.729 0.000 0.001 -0.001 0.002 1.000]]
		[0.07142857 [0.785 -0.237 0.572 0.000 0.230 0.969 0.085 0.000 -0.575 0.064 0.816 0.000 0.003 -0.002 0.002 1.000]]
		[0.1071429 [0.786 -0.412 0.461 0.000 0.409 0.906 0.113 0.000 -0.464 0.099 0.880 0.000 0.004 -0.003 0.002 1.000]]
		[0.1428571 [0.705 -0.606 0.368 0.000 0.600 0.787 0.145 0.000 -0.377 0.118 0.919 0.000 0.004 -0.004 0.002 1.000]]
		[0.1785714 [0.491 -0.817 0.303 0.000 0.809 0.556 0.190 0.000 -0.324 0.152 0.934 0.000 0.005 -0.005 0.002 1.000]]
		[0.2142857 [0.113 -0.961 0.251 0.000 0.952 0.177 0.249 0.000 -0.284 0.211 0.935 0.000 0.004 -0.004 0.002 1.000]]
		[0.25 [-0.298 -0.933 0.204 0.000 0.924 -0.228 0.306 0.000 -0.239 0.279 0.930 0.000 0.003 -0.003 0.002 1.000]]
		[0.2857143 [-0.586 -0.793 0.169 0.000 0.788 -0.509 0.346 0.000 -0.188 0.336 0.923 0.000 0.001 -0.001 0.002 1.000]]
		[0.3214286 [-0.684 -0.709 0.171 0.000 0.714 -0.604 0.354 0.000 -0.147 0.364 0.920 0.000 0.001 0.000 0.002 1.000]]
		[0.3571429 [-0.564 -0.793 0.229 0.000 0.814 -0.486 0.319 0.000 -0.141 0.366 0.920 0.000 0.002 0.000 0.002 1.000]]
		[0.3928571 [-0.315 -0.899 0.303 0.000 0.937 -0.244 0.249 0.000 -0.150 0.363 0.920 0.000 0.003 0.000 0.002 1.000]]
		[0.4285714 [-0.105 -0.931 0.349 0.000 0.983 -0.044 0.179 0.000 -0.151 0.362 0.920 0.000 0.004 0.001 0.002 1.000]]
		[0.4642857 [0.045 -0.927 0.372 0.000 0.988 0.097 0.124 0.000 -0.151 0.362 0.920 0.000 0.005 0.003 0.001 1.000]]
		[0.5 [0.108 -0.919 0.380 0.000 0.983 0.156 0.100 0.000 -0.151 0.362 0.920 0.000 0.005 0.004 0.001 1.000]]
		[0.5357143 [0.108 -0.919 0.380 0.000 0.983 0.156 0.100 0.000 -0.151 0.362 0.920 0.000 0.005 0.004 0.001 1.000]]
		[0.5714286 [0.108 -0.919 0.380 0.000 0.983 0.156 0.100 0.000 -0.151 0.362 0.920 0.000 0.005 0.004 0.001 1.000]]
		[0.6071429 [0.108 -0.919 0.380 0.000 0.983 0.156 0.100 0.000 -0.151 0.362 0.920 0.000 0.005 0.004 0.001 1.000]]
		[0.6428571 [0.108 -0.919 0.380 0.000 0.983 0.156 0.100 0.000 -0.151 0.362 0.920 0.000 0.005 0.004 0.001 1.000]]
		[0.6785714 [0.108 -0.919 0.380 0.000 0.983 0.156 0.100 0.000 -0.151 0.362 0.920 0.000 0.005 0.004 0.001 1.000]]
		[0.7142857 [0.108 -0.919 0.380 0.000 0.983 0.156 0.100 0.000 -0.151 0.362 0.920 0.000 0.005 0.004 0.001 1.000]]
		[0.75 [0.108 -0.919 0.380 0.000 0.983 0.156 0.100 0.000 -0.151 0.362 0.920 0.000 0.005 0.004 0.001 1.000]]
		[0.7857143 [0.108 -0.919 0.380 0.000 0.983 0.156 0.100 0.000 -0.151 0.362 0.920 0.000 0.005 0.004 0.001 1.000]]
		[0.8214286 [0.108 -0.919 0.380 0.000 0.983 0.156 0.100 0.000 -0.151 0.362 0.920 0.000 0.005 0.004 0.001 1.000]]
		[0.8571429 [0.108 -0.919 0.380 0.000 0.983 0.156 0.100 0.000 -0.151 0.362 0.920 0.000 0.005 0.004 0.001 1.000]]
		[0.8928571 [0.108 -0.919 0.380 0.000 0.983 0.156 0.100 0.000 -0.151 0.362 0.920 0.000 0.005 0.004 0.001 1.000]]
		[0.9285714 [0.108 -0.919 0.380 0.000 0.983 0.156 0.100 0.000 -0.151 0.362 0.920 0.000 0.005 0.004 0.001 1.000]]
		[0.9642857 [0.108 -0.919 0.380 0.000 0.983 0.156 0.100 0.000 -0.151 0.362 0.920 0.000 0.005 0.004 0.001 1.000]]
	]
	"Koleno_P_end" [
		[0 [0.632 0.055 0.773 0.000 -0.121 0.992 0.029 0.000 -0.765 -0.112 0.634 0.000 -0.001 0.000 0.002 1.000]]
		[0.03571429 [0.727 -0.083 0.682 0.000 0.057 0.997 0.060 0.000 -0.685 -0.005 0.729 0.000 0.002 -0.001 0.002 1.000]]
		[0.07142857 [0.785 -0.237 0.572 0.000 0.230 0.969 0.085 0.000 -0.575 0.064 0.816 0.000 0.004 -0.002 0.002 1.000]]
		[0.1071429 [0.786 -0.412 0.461 0.000 0.409 0.906 0.113 0.000 -0.464 0.099 0.880 0.000 0.006 -0.004 0.003 1.000]]
		[0.1428571 [0.705 -0.606 0.368 0.000 0.600 0.787 0.145 0.000 -0.377 0.118 0.919 0.000 0.008 -0.006 0.003 1.000]]
		[0.1785714 [0.491 -0.817 0.303 0.000 0.809 0.556 0.190 0.000 -0.324 0.152 0.934 0.000 0.009 -0.007 0.003 1.000]]
		[0.2142857 [0.113 -0.961 0.251 0.000 0.952 0.177 0.249 0.000 -0.284 0.211 0.935 0.000 0.010 -0.009 0.003 1.000]]
		[0.25 [-0.298 -0.933 0.204 0.000 0.924 -0.228 0.306 0.000 -0.239 0.279 0.930 0.000 0.008 -0.010 0.004 1.000]]
		[0.2857143 [-0.586 -0.793 0.169 0.000 0.788 -0.509 0.346 0.000 -0.188 0.336 0.923 0.000 0.006 -0.010 0.004 1.000]]
		[0.3214286 [-0.684 -0.709 0.171 0.000 0.714 -0.604 0.354 0.000 -0.147 0.364 0.920 0.000 0.005 -0.009 0.004 1.000]]
		[0.3571429 [-0.564 -0.793 0.229 0.000 0.814 -0.486 0.319 0.000 -0.141 0.366 0.920 0.000 0.006 -0.008 0.004 1.000]]
		[0.3928571 [-0.315 -0.899 0.303 0.000 0.937 -0.244 0.249 0.000 -0.150 0.363 0.920 0.000 0.008 -0.007 0.003 1.000]]
		[0.4285714 [-0.105 -0.931 0.349 0.000 0.983 -0.044 0.179 0.000 -0.151 0.362 0.920 0.000 0.010 -0.005 0.003 1.000]]
		[0.4642857 [0.045 -0.927 0.372 0.000 0.988 0.097 0.124 0.000 -0.151 0.362 0.920 0.000 0.011 -0.002 0.002 1.000]]
		[0.5 [0.108 -0.919 0.380 0.000 0.983 0.156 0.100 0.000 -0.151 0.362 0.920 0.000 0.011 -0.001 0.002 1.000]]
		[0.5357143 [0.108 -0.919 0.380 0.000 0.983 0.156 0.100 0.000 -0.151 0.362 0.920 0.000 0.011 -0.001 0.002 1.000]]
		[0.5714286 [0.108 -0.919 0.380 0.000 0.983 0.156 0.100 0.000 -0.151 0.362 0.920 0.000 0.011 -0.001 0.002 1.000]]
		[0.6071429 [0.108 -0.919 0.380 0.000 0.983 0.156 0.100 0.000 -0.151 0.362 0.920 0.000 0.011 -0.001 0.002 1.000]]
		[0.6428571 [0.108 -0.919 0.380 0.000 0.983 0.156 0.100 0.000 -0.151 0.362 0.920 0.000 0.011 -0.001 0.002 1.000]]
		[0.6785714 [0.108 -0.919 0.380 0.000 0.983 0.156 0.100 0.000 -0.151 0.362 0.920 0.000 0.011 -0.001 0.002 1.000]]
		[0.7142857 [0.108 -0.919 0.380 0.000 0.983 0.156 0.100 0.000 -0.151 0.362 0.920 0.000 0.011 -0.001 0.002 1.000]]
		[0.75 [0.108 -0.919 0.380 0.000 0.983 0.156 0.100 0.000 -0.151 0.362 0.920 0.000 0.011 -0.001 0.002 1.000]]
		[0.7857143 [0.108 -0.919 0.380 0.000 0.983 0.156 0.100 0.000 -0.151 0.362 0.920 0.000 0.011 -0.001 0.002 1.000]]
		[0.8214286 [0.108 -0.919 0.380 0.000 0.983 0.156 0.100 0.000 -0.151 0.362 0.920 0.000 0.011 -0.001 0.002 1.000]]
		[0.8571429 [0.108 -0.919 0.380 0.000 0.983 0.156 0.100 0.000 -0.151 0.362 0.920 0.000 0.011 -0.001 0.002 1.000]]
		[0.8928571 [0.108 -0.919 0.380 0.000 0.983 0.156 0.100 0.000 -0.151 0.362 0.920 0.000 0.011 -0.001 0.002 1.000]]
		[0.9285714 [0.108 -0.919 0.380 0.000 0.983 0.156 0.100 0.000 -0.151 0.362 0.920 0.000 0.011 -0.001 0.002 1.000]]
		[0.9642857 [0.108 -0.919 0.380 0.000 0.983 0.156 0.100 0.000 -0.151 0.362 0.920 0.000 0.011 -0.001 0.002 1.000]]
	]
	"Tors" [
		[0 [1.000 0.000 0.000 0.000 0.000 0.940 -0.342 0.000 0.000 0.342 0.940 0.000 0.000 0.000 0.000 1.000]]
		[0.03571429 [1.000 0.000 0.000 0.000 0.000 0.971 -0.238 0.000 0.000 0.238 0.971 0.000 0.000 0.000 0.000 1.000]]
		[0.07142857 [1.000 0.000 0.000 0.000 0.000 0.990 -0.143 0.000 0.000 0.143 0.990 0.000 0.000 0.000 0.000 1.000]]
		[0.1071429 [1.000 0.000 0.000 0.000 0.000 1.000 -0.028 0.000 0.000 0.028 1.000 0.000 0.000 0.000 0.001 1.000]]
		[0.1428571 [1.000 0.000 0.000 0.000 0.000 0.991 0.133 0.000 0.000 -0.133 0.991 0.000 0.000 0.000 0.001 1.000]]
		[0.1785714 [1.000 0.000 0.000 0.000 0.000 0.928 0.374 0.000 0.000 -0.374 0.928 0.000 0.000 -0.002 0.001 1.000]]
		[0.2142857 [1.000 0.000 0.000 0.000 0.000 0.753 0.658 0.000 0.000 -0.658 0.753 0.000 0.000 -0.004 0.001 1.000]]
		[0.25 [1.000 0.000 0.000 0.000 0.000 0.477 0.879 0.000 0.000 -0.879 0.477 0.000 0.000 -0.008 0.001 1.000]]
		[0.2857143 [1.000 0.000 0.000 0.000 0.000 0.184 0.983 0.000 0.000 -0.983 0.184 0.000 0.000 -0.010 0.001 1.000]]
		[0.3214286 [1.000 0.000 0.000 0.000 0.000 -0.017 1.000 0.000 0.000 -1.000 -0.017 0.000 0.000 -0.012 0.001 1.000]]
		[0.3571429 [1.000 0.000 0.000 0.000 0.000 -0.045 0.999 0.000 0.000 -0.999 -0.045 0.000 0.000 -0.012 0.001 1.000]]
		[0.3928571 [1.000 0.000 0.000 0.000 0.000 -0.003 1.000 0.000 0.000 -1.000 -0.003 0.000 0.000 -0.011 0.001 1.000]]
		[0.4285714 [1.000 0.000 0.000 0.000 0.000 0.000 1.000 0.000 0.000 -1.000 0.000 0.000 0.000 -0.011 0.001 1.000]]
		[0.4642857 [1.000 0.000 0.000 0.000 0.000 0.000 1.000 0.000 0.000 -1.000 0.000 0.000 0.000 -0.012 0.001 1.000]]
		[0.5 [1.000 0.000 0.000 0.000 0.000 0.000 1.000 0.000 0.000 -1.000 0.000 0.000 0.000 -0.012 0.001 1.000]]
		[0.5357143 [1.000 0.000 0.000 0.000 0.000 0.000 1.000 0.000 0.000 -1.000 0.000 0.000 0.000 -0.012 0.001 1.000]]
		[0.5714286 [1.000 0.000 0.000 0.000 0.000 0.000 1.000 0.000 0.000 -1.000 0.000 0.000 0.000 -0.012 0.001 1.000]]
		[0.6071429 [1.000 0.000 0.000 0.000 0.000 0.000 1.000 0.000 0.000 -1.000 0.000 0.000 0.000 -0.012 0.001 1.000]]
		[0.6428571 [1.000 0.000 0.000 0.000 0.000 0.000 1.000 0.000 0.000 -1.000 0.000 0.000 0.000 -0.012 0.001 1.000]]
		[0.6785714 [1.000 0.000 0.000 0.000 0.000 0.000 1.000 0.000 0.000 -1.000 0.000 0.000 0.000 -0.012 0.001 1.000]]
		[0.7142857 [1.000 0.000 0.000 0.000 0.000 0.000 1.000 0.000 0.000 -1.000 0.000 0.000 0.000 -0.012 0.001 1.000]]
		[0.75 [1.000 0.000 0.000 0.000 0.000 0.000 1.000 0.000 0.000 -1.000 0.000 0.000 0.000 -0.012 0.001 1.000]]
		[0.7857143 [1.000 0.000 0.000 0.000 0.000 0.000 1.000 0.000 0.000 -1.000 0.000 0.000 0.000 -0.012 0.001 1.000]]
		[0.8214286 [1.000 0.000 0.000 0.000 0.000 0.000 1.000 0.000 0.000 -1.000 0.000 0.000 0.000 -0.012 0.001 1.000]]
		[0.8571429 [1.000 0.000 0.000 0.000 0.000 0.000 1.000 0.000 0.000 -1.000 0.000 0.000 0.000 -0.012 0.001 1.000]]
		[0.8928571 [1.000 0.000 0.000 0.000 0.000 0.000 1.000 0.000 0.000 -1.000 0.000 0.000 0.000 -0.012 0.001 1.000]]
		[0.9285714 [1.000 0.000 0.000 0.000 0.000 0.000 1.000 0.000 0.000 -1.000 0.000 0.000 0.000 -0.012 0.001 1.000]]
		[0.9642857 [1.000 0.000 0.000 0.000 0.000 0.000 1.000 0.000 0.000 -1.000 0.000 0.000 0.000 -0.012 0.001 1.000]]
	]
	"Golova" [
		[0 [1.000 0.000 0.000 0.000 0.000 1.000 0.000 0.000 0.000 0.000 1.000 0.000 0.000 -0.001 -0.002 1.000]]
		[0.03571429 [1.000 0.000 0.000 0.000 0.000 1.000 -0.027 0.000 0.000 0.027 1.000 0.000 0.000 0.000 -0.001 1.000]]
		[0.07142857 [1.000 0.000 0.000 0.000 0.000 0.997 -0.074 0.000 0.000 0.074 0.997 0.000 0.000 0.000 0.000 1.000]]
		[0.1071429 [1.000 0.000 0.000 0.000 0.000 0.996 -0.091 0.000 0.000 0.091 0.996 0.000 0.000 0.000 0.000 1.000]]
		[0.1428571 [1.000 0.000 0.000 0.000 0.000 1.000 -0.027 0.000 0.000 0.027 1.000 0.000 0.000 0.000 0.002 1.000]]
		[0.1785714 [1.000 0.000 0.000 0.000 0.000 0.986 0.165 0.000 0.000 -0.165 0.986 0.000 0.000 -0.002 0.003 1.000]]
		[0.2142857 [1.000 0.000 0.000 0.000 0.000 0.892 0.452 0.000 0.000 -0.452 0.892 0.000 0.000 -0.006 0.005 1.000]]
		[0.25 [1.000 0.000 0.000 0.000 0.000 0.681 0.732 0.000 0.000 -0.732 0.681 0.000 0.000 -0.011 0.006 1.000]]
		[0.2857143 [1.000 0.000 0.000 0.000 0.000 0.399 0.917 0.000 0.000 -0.917 0.399 0.000 0.000 -0.015 0.007 1.000]]
		[0.3214286 [1.000 0.003 0.000 0.000 0.000 0.142 0.990 0.000 0.003 -0.990 0.142 0.000 0.000 -0.018 0.007 1.000]]
		[0.3571429 [0.998 0.063 0.003 0.000 0.003 -0.091 0.996 0.000 0.063 -0.994 -0.091 0.000 0.000 -0.018 0.007 1.000]]
		[0.3928571 [0.999 0.037 0.001 0.000 0.006 -0.194 0.981 0.000 0.037 -0.980 -0.194 0.000 0.000 -0.017 0.007 1.000]]
		[0.4285714 [0.961 -0.278 -0.002 0.000 0.040 0.131 0.991 0.000 -0.275 -0.952 0.137 0.000 0.000 -0.017 0.007 1.000]]
		[0.4642857 [0.706 -0.708 0.000 0.000 0.068 0.068 0.995 0.000 -0.705 -0.703 0.096 0.000 0.000 -0.018 0.007 1.000]]
		[0.5 [0.500 -0.866 0.000 0.000 0.000 0.000 1.000 0.000 -0.866 -0.500 0.000 0.000 0.000 -0.018 0.007 1.000]]
		[0.5357143 [0.500 -0.866 0.000 0.000 0.000 0.000 1.000 0.000 -0.866 -0.500 0.000 0.000 0.000 -0.018 0.007 1.000]]
		[0.5714286 [0.500 -0.866 0.000 0.000 0.000 0.000 1.000 0.000 -0.866 -0.500 0.000 0.000 0.000 -0.018 0.007 1.000]]
		[0.6071429 [0.500 -0.866 0.000 0.000 0.000 0.000 1.000 0.000 -0.866 -0.500 0.000 0.000 0.000 -0.018 0.007 1.000]]
		[0.6428571 [0.500 -0.866 0.000 0.000 0.000 0.000 1.000 0.000 -0.866 -0.500 0.000 0.000 0.000 -0.018 0.007 1.000]]
		[0.6785714 [0.500 -0.866 0.000 0.000 0.000 0.000 1.000 0.000 -0.866 -0.500 0.000 0.000 0.000 -0.018 0.007 1.000]]
		[0.7142857 [0.500 -0.866 0.000 0.000 0.000 0.000 1.000 0.000 -0.866 -0.500 0.000 0.000 0.000 -0.018 0.007 1.000]]
		[0.75 [0.500 -0.866 0.000 0.000 0.000 0.000 1.000 0.000 -0.866 -0.500 0.000 0.000 0.000 -0.018 0.007 1.000]]
		[0.7857143 [0.500 -0.866 0.000 0.000 0.000 0.000 1.000 0.000 -0.866 -0.500 0.000 0.000 0.000 -0.018 0.007 1.000]]
		[0.8214286 [0.500 -0.866 0.000 0.000 0.000 0.000 1.000 0.000 -0.866 -0.500 0.000 0.000 0.000 -0.018 0.007 1.000]]
		[0.8571429 [0.500 -0.866 0.000 0.000 0.000 0.000 1.000 0.000 -0.866 -0.500 0.000 0.000 0.000 -0.018 0.007 1.000]]
		[0.8928571 [0.500 -0.866 0.000 0.000 0.000 0.000 1.000 0.000 -0.866 -0.500 0.000 0.000 0.000 -0.018 0.007 1.000]]
		[0.9285714 [0.500 -0.866 0.000 0.000 0.000 0.000 1.000 0.000 -0.866 -0.500 0.000 0.000 0.000 -0.018 0.007 1.000]]
		[0.9642857 [0.500 -0.866 0.000 0.000 0.000 0.000 1.000 0.000 -0.866 -0.500 0.000 0.000 0.000 -0.018 0.007 1.000]]
	]
	"Golova_end" [
		[0 [1.000 0.000 0.000 0.000 0.000 1.000 0.000 0.000 0.000 0.000 1.000 0.000 0.000 -0.001 -0.002 1.000]]
		[0.03571429 [1.000 0.000 0.000 0.000 0.000 1.000 -0.027 0.000 0.000 0.027 1.000 0.000 0.000 0.000 -0.001 1.000]]
		[0.07142857 [1.000 0.000 0.000 0.000 0.000 0.997 -0.074 0.000 0.000 0.074 0.997 0.000 0.000 0.000 -0.001 1.000]]
		[0.1071429 [1.000 0.000 0.000 0.000 0.000 0.996 -0.091 0.000 0.000 0.091 0.996 0.000 0.000 0.000 0.000 1.000]]
		[0.1428571 [1.000 0.000 0.000 0.000 0.000 1.000 -0.027 0.000 0.000 0.027 1.000 0.000 0.000 0.000 0.002 1.000]]
		[0.1785714 [1.000 0.000 0.000 0.000 0.000 0.986 0.165 0.000 0.000 -0.165 0.986 0.000 0.000 -0.002 0.004 1.000]]
		[0.2142857 [1.000 0.000 0.000 0.000 0.000 0.892 0.452 0.000 0.000 -0.452 0.892 0.000 0.000 -0.006 0.006 1.000]]
		[0.25 [1.000 0.000 0.000 0.000 0.000 0.681 0.732 0.000 0.000 -0.732 0.681 0.000 0.000 -0.012 0.009 1.000]]
		[0.2857143 [1.000 0.000 0.000 0.000 0.000 0.399 0.917 0.000 0.000 -0.917 0.399 0.000 0.000 -0.017 0.010 1.000]]
		[0.3214286 [1.000 0.003 0.000 0.000 0.000 0.142 0.990 0.000 0.003 -0.990 0.142 0.000 0.000 -0.021 0.010 1.000]]
		[0.3571429 [0.998 0.063 0.003 0.000 0.003 -0.091 0.996 0.000 0.063 -0.994 -0.091 0.000 0.000 -0.022 0.010 1.000]]
		[0.3928571 [0.999 0.037 0.001 0.000 0.006 -0.194 0.981 0.000 0.037 -0.980 -0.194 0.000 0.000 -0.021 0.010 1.000]]
		[0.4285714 [0.961 -0.278 -0.002 0.000 0.040 0.131 0.991 0.000 -0.275 -0.952 0.137 0.000 0.000 -0.020 0.010 1.000]]
		[0.4642857 [0.706 -0.708 0.000 0.000 0.068 0.068 0.995 0.000 -0.705 -0.703 0.096 0.000 0.000 -0.021 0.010 1.000]]
		[0.5 [0.500 -0.866 0.000 0.000 0.000 0.000 1.000 0.000 -0.866 -0.500 0.000 0.000 0.000 -0.021 0.010 1.000]]
		[0.5357143 [0.500 -0.866 0.000 0.000 0.000 0.000 1.000 0.000 -0.866 -0.500 0.000 0.000 0.000 -0.021 0.010 1.000]]
		[0.5714286 [0.500 -0.866 0.000 0.000 0.000 0.000 1.000 0.000 -0.866 -0.500 0.000 0.000 0.000 -0.021 0.010 1.000]]
		[0.6071429 [0.500 -0.866 0.000 0.000 0.000 0.000 1.000 0.000 -0.866 -0.500 0.000 0.000 0.000 -0.021 0.010 1.000]]
		[0.6428571 [0.500 -0.866 0.000 0.000 0.000 0.000 1.000 0.000 -0.866 -0.500 0.000 0.000 0.000 -0.021 0.010 1.000]]
		[0.6785714 [0.500 -0.866 0.000 0.000 0.000 0.000 1.000 0.000 -0.866 -0.500 0.000 0.000 0.000 -0.021 0.010 1.000]]
		[0.7142857 [0.500 -0.866 0.000 0.000 0.000 0.000 1.000 0.000 -0.866 -0.500 0.000 0.000 0.000 -0.021 0.010 1.000]]
		[0.75 [0.500 -0.866 0.000 0.000 0.000 0.000 1.000 0.000 -0.866 -0.500 0.000 0.000 0.000 -0.021 0.010 1.000]]
		[0.7857143 [0.500 -0.866 0.000 0.000 0.000 0.000 1.000 0.000 -0.866 -0.500 0.000 0.000 0.000 -0.021 0.010 1.000]]
		[0.8214286 [0.500 -0.866 0.000 0.000 0.000 0.000 1.000 0.000 -0.866 -0.500 0.000 0.000 0.000 -0.021 0.010 1.000]]
		[0.8571429 [0.500 -0.866 0.000 0.000 0.000 0.000 1.000 0.000 -0.866 -0.500 0.000 0.000 0.000 -0.021 0.010 1.000]]
		[0.8928571 [0.500 -0.866 0.000 0.000 0.000 0.000 1.000 0.000 -0.866 -0.500 0.000 0.000 0.000 -0.021 0.010 1.000]]
		[0.9285714 [0.500 -0.866 0.000 0.000 0.000 0.000 1.000 0.000 -0.866 -0.500 0.000 0.000 0.000 -0.021 0.010 1.000]]
		[0.9642857 [0.500 -0.866 0.000 0.000 0.000 0.000 1.000 0.000 -0.866 -0.500 0.000 0.000 0.000 -0.021 0.010 1.000]]
	]
	"Kluchitsa_L" [
		[0 [0.940 0.000 0.342 0.000 0.000 1.000 0.000 0.000 -0.342 0.000 0.940 0.000 -0.002 0.000 -0.001 1.000]]
		[0.03571429 [0.971 0.000 0.238 0.000 0.000 1.000 0.000 0.000 -0.238 0.000 0.971 0.000 -0.001 0.000 0.000 1.000]]
		[0.07142857 [0.990 0.000 0.143 0.000 0.000 1.000 0.000 0.000 -0.143 0.000 0.990 0.000 0.000 0.000 0.000 1.000]]
		[0.1071429 [1.000 0.000 0.028 0.000 0.000 1.000 0.000 0.000 -0.028 0.000 1.000 0.000 0.000 0.000 0.000 1.000]]
		[0.1428571 [0.991 0.000 -0.133 0.000 0.000 1.000 0.000 0.000 0.133 0.000 0.991 0.000 0.001 0.000 0.000 1.000]]
		[0.1785714 [0.928 0.000 -0.374 0.000 0.000 1.000 0.000 0.000 0.374 0.000 0.928 0.000 0.003 0.000 -0.002 1.000]]
		[0.2142857 [0.753 0.000 -0.658 0.000 0.000 1.000 0.000 0.000 0.658 0.000 0.753 0.000 0.004 0.000 -0.006 1.000]]
		[0.25 [0.477 0.000 -0.879 0.000 0.000 1.000 0.000 0.000 0.879 0.000 0.477 0.000 0.005 0.000 -0.010 1.000]]
		[0.2857143 [0.184 0.000 -0.983 0.000 0.000 1.000 0.000 0.000 0.983 0.000 0.184 0.000 0.006 0.000 -0.014 1.000]]
		[0.3214286 [-0.017 0.000 -1.000 0.000 0.000 1.000 0.000 0.000 1.000 0.000 -0.017 0.000 0.006 0.000 -0.017 1.000]]
		[0.3571429 [-0.045 0.000 -0.999 0.000 0.000 1.000 0.000 0.000 0.999 0.000 -0.045 0.000 0.006 0.000 -0.017 1.000]]
		[0.3928571 [-0.003 0.000 -1.000 0.000 0.000 1.000 0.000 0.000 1.000 0.000 -0.003 0.000 0.006 0.000 -0.016 1.000]]
		[0.4285714 [0.000 0.000 -1.000 0.000 0.000 1.000 0.000 0.000 1.000 0.000 0.000 0.000 0.006 0.000 -0.016 1.000]]
		[0.4642857 [0.000 0.000 -1.000 0.000 0.000 1.000 0.000 0.000 1.000 0.000 0.000 0.000 0.006 0.000 -0.016 1.000]]
		[0.5 [0.000 0.000 -1.000 0.000 0.000 1.000 0.000 0.000 1.000 0.000 0.000 0.000 0.006 0.000 -0.017 1.000]]
		[0.5357143 [0.000 0.000 -1.000 0.000 0.000 1.000 0.000 0.000 1.000 0.000 0.000 0.000 0.006 0.000 -0.017 1.000]]
		[0.5714286 [0.000 0.000 -1.000 0.000 0.000 1.000 0.000 0.000 1.000 0.000 0.000 0.000 0.006 0.000 -0.017 1.000]]
		[0.6071429 [0.000 0.000 -1.000 0.000 0.000 1.000 0.000 0.000 1.000 0.000 0.000 0.000 0.006 0.000 -0.017 1.000]]
		[0.6428571 [0.000 0.000 -1.000 0.000 0.000 1.000 0.000 0.000 1.000 0.000 0.000 0.000 0.006 0.000 -0.017 1.000]]
		[0.6785714 [0.000 0.000 -1.000 0.000 0.000 1.000 0.000 0.000 1.000 0.000 0.000 0.000 0.006 0.000 -0.017 1.000]]
		[0.7142857 [0.000 0.000 -1.000 0.000 0.000 1.000 0.000 0.000 1.000 0.000 0.000 0.000 0.006 0.000 -0.017 1.000]]
		[0.75 [0.000 0.000 -1.000 0.000 0.000 1.000 0.000 0.000 1.000 0.000 0.000 0.000 0.006 0.000 -0.017 1.000]]
		[0.7857143 [0.000 0.000 -1.000 0.000 0.000 1.000 0.000 0.000 1.000 0.000 0.000 0.000 0.006 0.000 -0.017 1.000]]
		[0.8214286 [0.000 0.000 -1.000 0.000 0.000 1.000 0.000 0.000 1.000 0.000 0.000 0.000 0.006 0.000 -0.017 1.000]]
		[0.8571429 [0.000 0.000 -1.000 0.000 0.000 1.000 0.000 0.000 1.000 0.000 0.000 0.000 0.006 0.000 -0.017 1.000]]
		[0.8928571 [0.000 0.000 -1.000 0.000 0.000 1.000 0.000 0.000 1.000 0.000 0.000 0.000 0.006 0.000 -0.017 1.000]]
		[0.9285714 [0.000 0.000 -1.000 0.000 0.000 1.000 0.000 0.000 1.000 0.000 0.000 0.000 0.006 0.000 -0.017 1.000]]
		[0.9642857 [0.000 0.000 -1.000 0.000 0.000 1.000 0.000 0.000 1.000 0.000 0.000 0.000 0.006 0.000 -0.017 1.000]]
	]
	"Kluchitsa_L_end" [
		[0 [0.940 0.000 0.342 0.000 0.000 1.000 0.000 0.000 -0.342 0.000 0.940 0.000 -0.002 0.000 -0.001 1.000]]
		[0.03571429 [0.971 0.000 0.238 0.000 0.000 1.000 0.000 0.000 -0.238 0.000 0.971 0.000 -0.001 0.000 0.000 1.000]]
		[0.07142857 [0.990 0.000 0.143 0.000 0.000 1.000 0.000 0.000 -0.143 0.000 0.990 0.000 0.000 0.000 0.000 1.000]]
		[0.1071429 [1.000 0.000 0.028 0.000 0.000 1.000 0.000 0.000 -0.028 0.000 1.000 0.000 0.000 0.000 0.000 1.000]]
		[0.1428571 [0.991 0.000 -0.133 0.000 0.000 1.000 0.000 0.000 0.133 0.000 0.991 0.000 0.001 0.000 0.000 1.000]]
		[0.1785714 [0.928 0.000 -0.374 0.000 0.000 1.000 0.000 0.000 0.374 0.000 0.928 0.000 0.003 0.000 -0.002 1.000]]
		[0.2142857 [0.753 0.000 -0.658 0.000 0.000 1.000 0.000 0.000 0.658 0.000 0.753 0.000 0.004 0.000 -0.006 1.000]]
		[0.25 [0.477 0.000 -0.879 0.000 0.000 1.000 0.000 0.000 0.879 0.000 0.477 0.000 0.005 0.000 -0.010 1.000]]
		[0.2857143 [0.184 0.000 -0.983 0.000 0.000 1.000 0.000 0.000 0.983 0.000 0.184 0.000 0.006 0.000 -0.014 1.000]]
		[0.3214286 [-0.017 0.000 -1.000 0.000 0.000 1.000 0.000 0.000 1.000 0.000 -0.017 0.000 0.006 0.000 -0.017 1.000]]
		[0.3571429 [-0.045 0.000 -0.999 0.000 0.000 1.000 0.000 0.000 0.999 0.000 -0.045 0.000 0.006 0.000 -0.017 1.000]]
		[0.3928571 [-0.003 0.000 -1.000 0.000 0.000 1.000 0.000 0.000 1.000 0.000 -0.003 0.000 0.006 0.000 -0.016 1.000]]
		[0.4285714 [0.000 0.000 -1.000 0.000 0.000 1.000 0.000 0.000 1.000 0.000 0.000 0.000 0.006 0.000 -0.016 1.000]]
		[0.4642857 [0.000 0.000 -1.000 0.000 0.000 1.000 0.000 0.000 1.000 0.000 0.000 0.000 0.006 0.000 -0.016 1.000]]
		[0.5 [0.000 0.000 -1.000 0.000 0.000 1.000 0.000 0.000 1.000 0.000 0.000 0.000 0.006 0.000 -0.017 1.000]]
		[0.5357143 [0.000 0.000 -1.000 0.000 0.000 1.000 0.000 0.000 1.000 0.000 0.000 0.000 0.006 0.000 -0.017 1.000]]
		[0.5714286 [0.000 0.000 -1.000 0.000 0.000 1.000 0.000 0.000 1.000 0.000 0.000 0.000 0.006 0.000 -0.017 1.000]]
		[0.6071429 [0.000 0.000 -1.000 0.000 0.000 1.000 0.000 0.000 1.000 0.000 0.000 0.000 0.006 0.000 -0.017 1.000]]
		[0.6428571 [0.000 0.000 -1.000 0.000 0.000 1.000 0.000 0.000 1.000 0.000 0.000 0.000 0.006 0.000 -0.017 1.000]]
		[0.6785714 [0.000 0.000 -1.000 0.000 0.000 1.000 0.000 0.000 1.000 0.000 0.000 0.000 0.006 0.000 -0.017 1.000]]
		[0.7142857 [0.000 0.000 -1.000 0.000 0.000 1.000 0.000 0.000 1.000 0.000 0.000 0.000 0.006 0.000 -0.017 1.000]]
		[0.75 [0.000 0.000 -1.000 0.000 0.000 1.000 0.000 0.000 1.000 0.000 0.000 0.000 0.006 0.000 -0.017 1.000]]
		[0.7857143 [0.000 0.000 -1.000 0.000 0.000 1.000 0.000 0.000 1.000 0.000 0.000 0.000 0.006 0.000 -0.017 1.000]]
		[0.8214286 [0.000 0.000 -1.000 0.000 0.000 1.000 0.000 0.000 1.000 0.000 0.000 0.000 0.006 0.000 -0.017 1.000]]
		[0.8571429 [0.000 0.000 -1.000 0.000 0.000 1.000 0.000 0.000 1.000 0.000 0.000 0.000 0.006 0.000 -0.017 1.000]]
		[0.8928571 [0.000 0.000 -1.000 0.000 0.000 1.000 0.000 0.000 1.000 0.000 0.000 0.000 0.006 0.000 -0.017 1.000]]
		[0.9285714 [0.000 0.000 -1.000 0.000 0.000 1.000 0.000 0.000 1.000 0.000 0.000 0.000 0.006 0.000 -0.017 1.000]]
		[0.9642857 [0.000 0.000 -1.000 0.000 0.000 1.000 0.000 0.000 1.000 0.000 0.000 0.000 0.006 0.000 -0.017 1.000]]
	]
	"Kluchitsa_P" [
		[0 [0.940 0.000 -0.342 0.000 0.000 1.000 0.000 0.000 0.342 0.000 0.940 0.000 0.002 0.000 -0.001 1.000]]
		[0.03571429 [0.971 0.000 -0.238 0.000 0.000 1.000 0.000 0.000 0.238 0.000 0.971 0.000 0.001 0.000 0.000 1.000]]
		[0.07142857 [0.990 0.000 -0.143 0.000 0.000 1.000 0.000 0.000 0.143 0.000 0.990 0.000 0.000 0.000 0.000 1.000]]
		[0.1071429 [1.000 0.000 -0.028 0.000 0.000 1.000 0.000 0.000 0.028 0.000 1.000 0.000 0.000 0.000 0.000 1.000]]
		[0.1428571 [0.991 0.000 0.133 0.000 0.000 1.000 0.000 0.000 -0.133 0.000 0.991 0.000 -0.001 0.000 0.000 1.000]]
		[0.1785714 [0.928 0.000 0.374 0.000 0.000 1.000 0.000 0.000 -0.374 0.000 0.928 0.000 -0.003 0.000 -0.002 1.000]]
		[0.2142857 [0.753 0.000 0.658 0.000 0.000 1.000 0.000 0.000 -0.658 0.000 0.753 0.000 -0.004 0.000 -0.006 1.000]]
		[0.25 [0.477 0.000 0.879 0.000 0.000 1.000 0.000 0.000 -0.879 0.000 0.477 0.000 -0.005 0.000 -0.010 1.000]]
		[0.2857143 [0.184 0.000 0.983 0.000 0.000 1.000 0.000 0.000 -0.983 0.000 0.184 0.000 -0.006 0.000 -0.014 1.000]]
