{ :name "Idle" :length 2 :bones { 
	"Armature" [
		[0 [1.000 0.000 0.000 0.000 0.000 1.000 0.000 0.000 0.000 0.000 1.000 0.000 0.000 0.000 0.000 1.000]]
	]
	"Skelet" [
		[0 [1.000 0.000 0.000 0.000 0.000 1.000 0.000 0.000 0.000 0.000 1.000 0.000 0.000 0.000 0.000 1.000]]
	]
	"Bedro_L" [
		[0 [0.962 0.268 0.050 0.000 -0.272 0.952 0.138 0.000 -0.011 -0.147 0.989 0.000 0.000 0.000 0.000 1.000]]
	]
	"Koleno_L" [
		[0 [1.000 0.018 -0.014 0.000 -0.020 0.987 -0.158 0.000 0.011 0.158 0.987 0.000 0.001 0.000 -0.001 1.000]]
	]
	"Koleno_L_end" [
		[0 [1.000 0.018 -0.014 0.000 -0.020 0.987 -0.158 0.000 0.011 0.158 0.987 0.000 0.001 0.000 -0.002 1.000]]
	]
	"Bedro_P" [
		[0 [0.674 0.269 0.688 0.000 -0.027 0.939 -0.342 0.000 -0.738 0.212 0.640 0.000 0.000 0.000 0.000 1.000]]
	]
	"Koleno_P" [
		[0 [0.632 0.055 0.773 0.000 -0.121 0.992 0.029 0.000 -0.765 -0.112 0.634 0.000 0.000 0.000 0.002 1.000]]
	]
	"Koleno_P_end" [
		[0 [0.632 0.055 0.773 0.000 -0.121 0.992 0.029 0.000 -0.765 -0.112 0.634 0.000 -0.001 0.000 0.002 1.000]]
	]
	"Tors" [
		[0 [1.000 0.000 0.000 0.000 0.000 0.940 -0.342 0.000 0.000 0.342 0.940 0.000 0.000 0.000 0.000 1.000]]
		[0.008333334 [1.000 0.000 0.000 0.000 0.000 0.939 -0.343 0.000 0.000 0.343 0.939 0.000 0.000 0.000 0.000 1.000]]
		[0.01666667 [1.000 0.000 0.000 0.000 0.000 0.939 -0.343 0.000 0.000 0.343 0.939 0.000 0.000 0.000 0.000 1.000]]
		[0.025 [1.000 0.000 0.000 0.000 0.000 0.939 -0.344 0.000 0.000 0.344 0.939 0.000 0.000 0.000 0.000 1.000]]
		[0.03333334 [1.000 0.000 0.000 0.000 0.000 0.939 -0.345 0.000 0.000 0.345 0.939 0.000 0.000 0.000 0.000 1.000]]
		[0.04166667 [1.000 0.000 0.000 0.000 0.000 0.938 -0.346 0.000 0.000 0.346 0.938 0.000 0.000 0.000 0.000 1.000]]
		[0.05 [1.000 0.000 0.000 0.000 0.000 0.938 -0.346 0.000 0.000 0.346 0.938 0.000 0.000 0.000 0.000 1.000]]
		[0.05833333 [1.000 0.000 0.000 0.000 0.000 0.938 -0.347 0.000 0.000 0.347 0.938 0.000 0.000 0.000 0.000 1.000]]
		[0.06666667 [1.000 0.000 0.000 0.000 0.000 0.938 -0.348 0.000 0.000 0.348 0.938 0.000 0.000 0.000 0.000 1.000]]
		[0.075 [1.000 0.000 0.000 0.000 0.000 0.937 -0.349 0.000 0.000 0.349 0.937 0.000 0.000 0.000 0.000 1.000]]
		[0.08333334 [1.000 0.000 0.000 0.000 0.000 0.937 -0.349 0.000 0.000 0.349 0.937 0.000 0.000 0.000 0.000 1.000]]
		[0.09166667 [1.000 0.000 0.000 0.000 0.000 0.937 -0.350 0.000 0.000 0.350 0.937 0.000 0.000 0.000 0.000 1.000]]
		[0.1 [1.000 0.000 0.000 0.000 0.000 0.936 -0.351 0.000 0.000 0.351 0.936 0.000 0.000 0.000 0.000 1.000]]
		[0.1083333 [1.000 0.000 0.000 0.000 0.000 0.936 -0.352 0.000 0.000 0.352 0.936 0.000 0.000 0.000 0.000 1.000]]
		[0.1166667 [1.000 0.000 0.000 0.000 0.000 0.936 -0.353 0.000 0.000 0.353 0.936 0.000 0.000 0.000 0.000 1.000]]
		[0.125 [1.000 0.000 0.000 0.000 0.000 0.935 -0.353 0.000 0.000 0.353 0.935 0.000 0.000 0.000 0.000 1.000]]
		[0.1333333 [1.000 0.000 0.000 0.000 0.000 0.935 -0.354 0.000 0.000 0.354 0.935 0.000 0.000 0.000 0.000 1.000]]
		[0.1416667 [1.000 0.000 0.000 0.000 0.000 0.935 -0.355 0.000 0.000 0.355 0.935 0.000 0.000 0.000 0.000 1.000]]
		[0.15 [1.000 0.000 0.000 0.000 0.000 0.935 -0.356 0.000 0.000 0.356 0.935 0.000 0.000 0.000 0.000 1.000]]
		[0.1583333 [1.000 0.000 0.000 0.000 0.000 0.934 -0.357 0.000 0.000 0.357 0.934 0.000 0.000 0.000 0.000 1.000]]
		[0.1666667 [1.000 0.000 0.000 0.000 0.000 0.934 -0.358 0.000 0.000 0.358 0.934 0.000 0.000 0.000 0.000 1.000]]
		[0.175 [1.000 0.000 0.000 0.000 0.000 0.934 -0.358 0.000 0.000 0.358 0.934 0.000 0.000 0.000 0.000 1.000]]
		[0.1833333 [1.000 0.000 0.000 0.000 0.000 0.933 -0.359 0.000 0.000 0.359 0.933 0.000 0.000 0.000 0.000 1.000]]
		[0.1916667 [1.000 0.000 0.000 0.000 0.000 0.933 -0.360 0.000 0.000 0.360 0.933 0.000 0.000 0.000 0.000 1.000]]
		[0.2 [1.000 0.000 0.000 0.000 0.000 0.933 -0.361 0.000 0.000 0.361 0.933 0.000 0.000 0.000 0.000 1.000]]
		[0.2083333 [1.000 0.000 0.000 0.000 0.000 0.932 -0.362 0.000 0.000 0.362 0.932 0.000 0.000 0.000 0.000 1.000]]
		[0.2166667 [1.000 0.000 0.000 0.000 0.000 0.932 -0.363 0.000 0.000 0.363 0.932 0.000 0.000 0.000 0.000 1.000]]
		[0.225 [1.000 0.000 0.000 0.000 0.000 0.932 -0.364 0.000 0.000 0.364 0.932 0.000 0.000 0.000 0.000 1.000]]
		[0.2333333 [1.000 0.000 0.000 0.000 0.000 0.931 -0.364 0.000 0.000 0.364 0.931 0.000 0.000 0.000 0.000 1.000]]
		[0.2416667 [1.000 0.000 0.000 0.000 0.000 0.931 -0.365 0.000 0.000 0.365 0.931 0.000 0.000 0.000 0.000 1.000]]
		[0.25 [1.000 0.000 0.000 0.000 0.000 0.931 -0.366 0.000 0.000 0.366 0.931 0.000 0.000 0.000 0.000 1.000]]
		[0.2583333 [1.000 0.000 0.000 0.000 0.000 0.930 -0.367 0.000 0.000 0.367 0.930 0.000 0.000 0.000 0.000 1.000]]
		[0.2666667 [1.000 0.000 0.000 0.000 0.000 0.930 -0.368 0.000 0.000 0.368 0.930 0.000 0.000 0.000 0.000 1.000]]
		[0.275 [1.000 0.000 0.000 0.000 0.000 0.929 -0.369 0.000 0.000 0.369 0.929 0.000 0.000 0.000 0.000 1.000]]
		[0.2833333 [1.000 0.000 0.000 0.000 0.000 0.929 -0.370 0.000 0.000 0.370 0.929 0.000 0.000 0.000 0.000 1.000]]
		[0.2916667 [1.000 0.000 0.000 0.000 0.000 0.929 -0.371 0.000 0.000 0.371 0.929 0.000 0.000 0.000 0.000 1.000]]
		[0.3 [1.000 0.000 0.000 0.000 0.000 0.928 -0.372 0.000 0.000 0.372 0.928 0.000 0.000 0.000 0.000 1.000]]
		[0.3083333 [1.000 0.000 0.000 0.000 0.000 0.928 -0.373 0.000 0.000 0.373 0.928 0.000 0.000 0.000 0.000 1.000]]
		[0.3166667 [1.000 0.000 0.000 0.000 0.000 0.928 -0.373 0.000 0.000 0.373 0.928 0.000 0.000 0.000 0.000 1.000]]
		[0.325 [1.000 0.000 0.000 0.000 0.000 0.927 -0.374 0.000 0.000 0.374 0.927 0.000 0.000 0.000 0.000 1.000]]
		[0.3333333 [1.000 0.000 0.000 0.000 0.000 0.927 -0.375 0.000 0.000 0.375 0.927 0.000 0.000 0.000 0.000 1.000]]
		[0.3416667 [1.000 0.000 0.000 0.000 0.000 0.927 -0.376 0.000 0.000 0.376 0.927 0.000 0.000 0.000 0.000 1.000]]
		[0.35 [1.000 0.000 0.000 0.000 0.000 0.926 -0.377 0.000 0.000 0.377 0.926 0.000 0.000 0.000 0.000 1.000]]
		[0.3583333 [1.000 0.000 0.000 0.000 0.000 0.926 -0.378 0.000 0.000 0.378 0.926 0.000 0.000 0.000 0.000 1.000]]
		[0.3666667 [1.000 0.000 0.000 0.000 0.000 0.925 -0.379 0.000 0.000 0.379 0.925 0.000 0.000 0.000 0.000 1.000]]
		[0.375 [1.000 0.000 0.000 0.000 0.000 0.925 -0.380 0.000 0.000 0.380 0.925 0.000 0.000 0.000 0.000 1.000]]
		[0.3833333 [1.000 0.000 0.000 0.000 0.000 0.925 -0.381 0.000 0.000 0.381 0.925 0.000 0.000 0.000 0.000 1.000]]
		[0.3916667 [1.000 0.000 0.000 0.000 0.000 0.924 -0.381 0.000 0.000 0.381 0.924 0.000 0.000 0.000 0.000 1.000]]
		[0.4 [1.000 0.000 0.000 0.000 0.000 0.924 -0.382 0.000 0.000 0.382 0.924 0.000 0.000 0.000 0.000 1.000]]
		[0.4083333 [1.000 0.000 0.000 0.000 0.000 0.924 -0.383 0.000 0.000 0.383 0.924 0.000 0.000 0.000 0.000 1.000]]
		[0.4166667 [1.000 0.000 0.000 0.000 0.000 0.923 -0.384 0.000 0.000 0.384 0.923 0.000 0.000 0.000 0.000 1.000]]
		[0.425 [1.000 0.000 0.000 0.000 0.000 0.923 -0.385 0.000 0.000 0.385 0.923 0.000 0.000 0.000 0.000 1.000]]
		[0.4333333 [1.000 0.000 0.000 0.000 0.000 0.923 -0.386 0.000 0.000 0.386 0.923 0.000 0.000 0.000 0.000 1.000]]
		[0.4416667 [1.000 0.000 0.000 0.000 0.000 0.922 -0.387 0.000 0.000 0.387 0.922 0.000 0.000 0.000 0.000 1.000]]
		[0.45 [1.000 0.000 0.000 0.000 0.000 0.922 -0.388 0.000 0.000 0.388 0.922 0.000 0.000 0.000 0.000 1.000]]
		[0.4583333 [1.000 0.000 0.000 0.000 0.000 0.921 -0.388 0.000 0.000 0.388 0.921 0.000 0.000 0.000 0.000 1.000]]
		[0.4666667 [1.000 0.000 0.000 0.000 0.000 0.921 -0.389 0.000 0.000 0.389 0.921 0.000 0.000 0.000 0.000 1.000]]
		[0.475 [1.000 0.000 0.000 0.000 0.000 0.921 -0.390 0.000 0.000 0.390 0.921 0.000 0.000 0.000 0.000 1.000]]
		[0.4833333 [1.000 0.000 0.000 0.000 0.000 0.920 -0.391 0.000 0.000 0.391 0.920 0.000 0.000 0.000 0.000 1.000]]
		[0.4916667 [1.000 0.000 0.000 0.000 0.000 0.920 -0.392 0.000 0.000 0.392 0.920 0.000 0.000 0.000 0.000 1.000]]
		[0.5 [1.000 0.000 0.000 0.000 0.000 0.920 -0.393 0.000 0.000 0.393 0.920 0.000 0.000 0.000 0.000 1.000]]
		[0.5083333 [1.000 0.000 0.000 0.000 0.000 0.919 -0.394 0.000 0.000 0.394 0.919 0.000 0.000 0.000 0.000 1.000]]
		[0.5166667 [1.000 0.000 0.000 0.000 0.000 0.919 -0.394 0.000 0.000 0.394 0.919 0.000 0.000 0.000 0.000 1.000]]
		[0.525 [1.000 0.000 0.000 0.000 0.000 0.919 -0.395 0.000 0.000 0.395 0.919 0.000 0.000 0.000 0.000 1.000]]
		[0.5333334 [1.000 0.000 0.000 0.000 0.000 0.918 -0.396 0.000 0.000 0.396 0.918 0.000 0.000 0.000 0.000 1.000]]
		[0.5416667 [1.000 0.000 0.000 0.000 0.000 0.918 -0.397 0.000 0.000 0.397 0.918 0.000 0.000 0.000 0.000 1.000]]
		[0.55 [1.000 0.000 0.000 0.000 0.000 0.918 -0.398 0.000 0.000 0.398 0.918 0.000 0.000 0.000 0.000 1.000]]
		[0.5583333 [1.000 0.000 0.000 0.000 0.000 0.917 -0.398 0.000 0.000 0.398 0.917 0.000 0.000 0.000 0.000 1.000]]
		[0.5666667 [1.000 0.000 0.000 0.000 0.000 0.917 -0.399 0.000 0.000 0.399 0.917 0.000 0.000 0.000 0.000 1.000]]
		[0.575 [1.000 0.000 0.000 0.000 0.000 0.917 -0.400 0.000 0.000 0.400 0.917 0.000 0.000 0.000 0.000 1.000]]
		[0.5833333 [1.000 0.000 0.000 0.000 0.000 0.916 -0.401 0.000 0.000 0.401 0.916 0.000 0.000 0.000 0.000 1.000]]
		[0.5916666 [1.000 0.000 0.000 0.000 0.000 0.916 -0.402 0.000 0.000 0.402 0.916 0.000 0.000 0.000 0.000 1.000]]
		[0.6 [1.000 0.000 0.000 0.000 0.000 0.916 -0.402 0.000 0.000 0.402 0.916 0.000 0.000 0.000 0.000 1.000]]
		[0.6083333 [1.000 0.000 0.000 0.000 0.000 0.915 -0.403 0.000 0.000 0.403 0.915 0.000 0.000 0.000 0.000 1.000]]
		[0.6166667 [1.000 0.000 0.000 0.000 0.000 0.915 -0.404 0.000 0.000 0.404 0.915 0.000 0.000 0.000 0.000 1.000]]
		[0.625 [1.000 0.000 0.000 0.000 0.000 0.915 -0.404 0.000 0.000 0.404 0.915 0.000 0.000 0.000 0.000 1.000]]
		[0.6333333 [1.000 0.000 0.000 0.000 0.000 0.914 -0.405 0.000 0.000 0.405 0.914 0.000 0.000 0.000 0.000 1.000]]
		[0.6416667 [1.000 0.000 0.000 0.000 0.000 0.914 -0.406 0.000 0.000 0.406 0.914 0.000 0.000 0.000 0.000 1.000]]
		[0.65 [1.000 0.000 0.000 0.000 0.000 0.914 -0.407 0.000 0.000 0.407 0.914 0.000 0.000 0.000 0.000 1.000]]
		[0.6583334 [1.000 0.000 0.000 0.000 0.000 0.913 -0.407 0.000 0.000 0.407 0.913 0.000 0.000 0.000 0.000 1.000]]
		[0.6666667 [1.000 0.000 0.000 0.000 0.000 0.913 -0.408 0.000 0.000 0.408 0.913 0.000 0.000 0.000 0.000 1.000]]
		[0.675 [1.000 0.000 0.000 0.000 0.000 0.913 -0.409 0.000 0.000 0.409 0.913 0.000 0.000 0.000 0.000 1.000]]
		[0.6833333 [1.000 0.000 0.000 0.000 0.000 0.912 -0.409 0.000 0.000 0.409 0.912 0.000 0.000 0.000 0.000 1.000]]
		[0.6916667 [1.000 0.000 0.000 0.000 0.000 0.912 -0.410 0.000 0.000 0.410 0.912 0.000 0.000 0.000 0.000 1.000]]
		[0.7 [1.000 0.000 0.000 0.000 0.000 0.912 -0.410 0.000 0.000 0.410 0.912 0.000 0.000 0.000 0.000 1.000]]
		[0.7083333 [1.000 0.000 0.000 0.000 0.000 0.912 -0.411 0.000 0.000 0.411 0.912 0.000 0.000 0.000 0.000 1.000]]
		[0.7166666 [1.000 0.000 0.000 0.000 0.000 0.911 -0.412 0.000 0.000 0.412 0.911 0.000 0.000 0.000 0.000 1.000]]
		[0.725 [1.000 0.000 0.000 0.000 0.000 0.911 -0.412 0.000 0.000 0.412 0.911 0.000 0.000 0.000 0.000 1.000]]
		[0.7333333 [1.000 0.000 0.000 0.000 0.000 0.911 -0.413 0.000 0.000 0.413 0.911 0.000 0.000 0.000 0.000 1.000]]
		[0.7416667 [1.000 0.000 0.000 0.000 0.000 0.911 -0.413 0.000 0.000 0.413 0.911 0.000 0.000 0.000 0.000 1.000]]
		[0.75 [1.000 0.000 0.000 0.000 0.000 0.910 -0.414 0.000 0.000 0.414 0.910 0.000 0.000 0.000 0.000 1.000]]
		[0.7583333 [1.000 0.000 0.000 0.000 0.000 0.910 -0.414 0.000 0.000 0.414 0.910 0.000 0.000 0.000 0.000 1.000]]
		[0.7666667 [1.000 0.000 0.000 0.000 0.000 0.910 -0.415 0.000 0.000 0.415 0.910 0.000 0.000 0.000 0.000 1.000]]
		[0.775 [1.000 0.000 0.000 0.000 0.000 0.910 -0.415 0.000 0.000 0.415 0.910 0.000 0.000 0.000 0.000 1.000]]
		[0.7833334 [1.000 0.000 0.000 0.000 0.000 0.909 -0.416 0.000 0.000 0.416 0.909 0.000 0.000 0.000 0.000 1.000]]
		[0.7916667 [1.000 0.000 0.000 0.000 0.000 0.909 -0.416 0.000 0.000 0.416 0.909 0.000 0.000 0.000 0.000 1.000]]
		[0.8 [1.000 0.000 0.000 0.000 0.000 0.909 -0.417 0.000 0.000 0.417 0.909 0.000 0.000 0.000 0.000 1.000]]
		[0.8083333 [1.000 0.000 0.000 0.000 0.000 0.909 -0.417 0.000 0.000 0.417 0.909 0.000 0.000 0.000 0.000 1.000]]
		[0.8166667 [1.000 0.000 0.000 0.000 0.000 0.909 -0.418 0.000 0.000 0.418 0.909 0.000 0.000 0.000 0.000 1.000]]
		[0.825 [1.000 0.000 0.000 0.000 0.000 0.908 -0.418 0.000 0.000 0.418 0.908 0.000 0.000 0.000 0.000 1.000]]
		[0.8333333 [1.000 0.000 0.000 0.000 0.000 0.908 -0.419 0.000 0.000 0.419 0.908 0.000 0.000 0.000 0.000 1.000]]
		[0.8416666 [1.000 0.000 0.000 0.000 0.000 0.908 -0.419 0.000 0.000 0.419 0.908 0.000 0.000 0.000 0.000 1.000]]
		[0.85 [1.000 0.000 0.000 0.000 0.000 0.908 -0.419 0.000 0.000 0.419 0.908 0.000 0.000 0.000 0.000 1.000]]
		[0.8583333 [1.000 0.000 0.000 0.000 0.000 0.908 -0.420 0.000 0.000 0.420 0.908 0.000 0.000 0.000 0.000 1.000]]
		[0.8666667 [1.000 0.000 0.000 0.000 0.000 0.908 -0.420 0.000 0.000 0.420 0.908 0.000 0.000 0.000 0.000 1.000]]
		[0.875 [1.000 0.000 0.000 0.000 0.000 0.907 -0.420 0.000 0.000 0.420 0.907 0.000 0.000 0.000 0.000 1.000]]
		[0.8833333 [1.000 0.000 0.000 0.000 0.000 0.907 -0.421 0.000 0.000 0.421 0.907 0.000 0.000 0.000 0.000 1.000]]
		[0.8916667 [1.000 0.000 0.000 0.000 0.000 0.907 -0.421 0.000 0.000 0.421 0.907 0.000 0.000 0.000 0.000 1.000]]
		[0.9 [1.000 0.000 0.000 0.000 0.000 0.907 -0.421 0.000 0.000 0.421 0.907 0.000 0.000 0.000 0.000 1.000]]
		[0.9083334 [1.000 0.000 0.000 0.000 0.000 0.907 -0.421 0.000 0.000 0.421 0.907 0.000 0.000 0.000 0.000 1.000]]
		[0.9166667 [1.000 0.000 0.000 0.000 0.000 0.907 -0.422 0.000 0.000 0.422 0.907 0.000 0.000 0.000 0.000 1.000]]
		[0.925 [1.000 0.000 0.000 0.000 0.000 0.907 -0.422 0.000 0.000 0.422 0.907 0.000 0.000 0.000 0.000 1.000]]
		[0.9333333 [1.000 0.000 0.000 0.000 0.000 0.907 -0.422 0.000 0.000 0.422 0.907 0.000 0.000 0.000 0.000 1.000]]
		[0.9416667 [1.000 0.000 0.000 0.000 0.000 0.907 -0.422 0.000 0.000 0.422 0.907 0.000 0.000 0.000 0.000 1.000]]
		[0.95 [1.000 0.000 0.000 0.000 0.000 0.906 -0.422 0.000 0.000 0.422 0.906 0.000 0.000 0.000 0.000 1.000]]
		[0.9583333 [1.000 0.000 0.000 0.000 0.000 0.906 -0.422 0.000 0.000 0.422 0.906 0.000 0.000 0.000 0.000 1.000]]
		[0.9666666 [1.000 0.000 0.000 0.000 0.000 0.906 -0.422 0.000 0.000 0.422 0.906 0.000 0.000 0.000 0.000 1.000]]
		[0.975 [1.000 0.000 0.000 0.000 0.000 0.906 -0.423 0.000 0.000 0.423 0.906 0.000 0.000 0.000 0.000 1.000]]
		[0.9833333 [1.000 0.000 0.000 0.000 0.000 0.906 -0.423 0.000 0.000 0.423 0.906 0.000 0.000 0.000 0.000 1.000]]
		[0.9916667 [1.000 0.000 0.000 0.000 0.000 0.906 -0.423 0.000 0.000 0.423 0.906 0.000 0.000 0.000 0.000 1.000]]
	]
	"Golova" [
		[0 [1.000 0.000 0.000 0.000 0.000 1.000 0.000 0.000 0.000 0.000 1.000 0.000 0.000 -0.001 -0.002 1.000]]
		[0.008333334 [1.000 0.000 0.000 0.000 0.000 1.000 0.000 0.000 0.000 0.000 1.000 0.000 0.000 -0.001 -0.002 1.000]]
		[0.01666667 [1.000 0.000 0.000 0.000 0.000 1.000 0.000 0.000 0.000 0.000 1.000 0.000 0.000 -0.001 -0.002 1.000]]
		[0.025 [1.000 0.000 0.000 0.000 0.000 1.000 0.000 0.000 0.000 0.000 1.000 0.000 0.000 -0.001 -0.002 1.000]]
		[0.03333334 [1.000 0.000 0.000 0.000 0.000 1.000 0.000 0.000 0.000 0.000 1.000 0.000 0.000 -0.001 -0.002 1.000]]
		[0.04166667 [1.000 0.000 0.000 0.000 0.000 1.000 0.000 0.000 0.000 0.000 1.000 0.000 0.000 -0.001 -0.002 1.000]]
		[0.05 [1.000 0.000 0.000 0.000 0.000 1.000 0.000 0.000 0.000 0.000 1.000 0.000 0.000 -0.001 -0.002 1.000]]
		[0.05833333 [1.000 0.000 0.000 0.000 0.000 1.000 0.000 0.000 0.000 0.000 1.000 0.000 0.000 -0.001 -0.002 1.000]]
		[0.06666667 [1.000 0.000 0.000 0.000 0.000 1.000 0.000 0.000 0.000 0.000 1.000 0.000 0.000 -0.001 -0.002 1.000]]
		[0.075 [1.000 0.000 0.000 0.000 0.000 1.000 0.000 0.000 0.000 0.000 1.000 0.000 0.000 -0.001 -0.002 1.000]]
		[0.08333334 [1.000 0.000 0.000 0.000 0.000 1.000 0.000 0.000 0.000 0.000 1.000 0.000 0.000 -0.001 -0.002 1.000]]
		[0.09166667 [1.000 0.000 0.000 0.000 0.000 1.000 0.000 0.000 0.000 0.000 1.000 0.000 0.000 -0.001 -0.002 1.000]]
		[0.1 [1.000 0.000 0.000 0.000 0.000 1.000 0.000 0.000 0.000 0.000 1.000 0.000 0.000 -0.001 -0.002 1.000]]
		[0.1083333 [1.000 0.000 0.000 0.000 0.000 1.000 0.000 0.000 0.000 0.000 1.000 0.000 0.000 -0.001 -0.002 1.000]]
		[0.1166667 [1.000 0.000 0.000 0.000 0.000 1.000 0.000 0.000 0.000 0.000 1.000 0.000 0.000 -0.001 -0.002 1.000]]
		[0.125 [1.000 0.000 0.000 0.000 0.000 1.000 0.000 0.000 0.000 0.000 1.000 0.000 0.000 -0.001 -0.002 1.000]]
		[0.1333333 [1.000 0.000 0.000 0.000 0.000 1.000 0.000 0.000 0.000 0.000 1.000 0.000 0.000 -0.001 -0.002 1.000]]
		[0.1416667 [1.000 0.000 0.000 0.000 0.000 1.000 0.000 0.000 0.000 0.000 1.000 0.000 0.000 -0.001 -0.002 1.000]]
		[0.15 [1.000 0.000 0.000 0.000 0.000 1.000 0.000 0.000 0.000 0.000 1.000 0.000 0.000 -0.001 -0.002 1.000]]
		[0.1583333 [1.000 0.000 0.000 0.000 0.000 1.000 0.000 0.000 0.000 0.000 1.000 0.000 0.000 -0.001 -0.002 1.000]]
		[0.1666667 [1.000 0.000 0.000 0.000 0.000 1.000 0.000 0.000 0.000 0.000 1.000 0.000 0.000 -0.001 -0.002 1.000]]
		[0.175 [1.000 0.000 0.000 0.000 0.000 1.000 0.000 0.000 0.000 0.000 1.000 0.000 0.000 -0.001 -0.002 1.000]]
		[0.1833333 [1.000 0.000 0.000 0.000 0.000 1.000 0.000 0.000 0.000 0.000 1.000 0.000 0.000 -0.001 -0.002 1.000]]
		[0.1916667 [1.000 0.000 0.000 0.000 0.000 1.000 0.000 0.000 0.000 0.000 1.000 0.000 0.000 -0.001 -0.002 1.000]]
		[0.2 [1.000 0.000 0.000 0.000 0.000 1.000 0.000 0.000 0.000 0.000 1.000 0.000 0.000 -0.001 -0.002 1.000]]
		[0.2083333 [1.000 0.000 0.000 0.000 0.000 1.000 0.000 0.000 0.000 0.000 1.000 0.000 0.000 -0.001 -0.002 1.000]]
		[0.2166667 [1.000 0.000 0.000 0.000 0.000 1.000 0.000 0.000 0.000 0.000 1.000 0.000 0.000 -0.001 -0.002 1.000]]
		[0.225 [1.000 0.000 0.000 0.000 0.000 1.000 0.000 0.000 0.000 0.000 1.000 0.000 0.000 -0.001 -0.002 1.000]]
		[0.2333333 [1.000 0.000 0.000 0.000 0.000 1.000 0.000 0.000 0.000 0.000 1.000 0.000 0.000 -0.001 -0.002 1.000]]
		[0.2416667 [1.000 0.000 0.000 0.000 0.000 1.000 0.000 0.000 0.000 0.000 1.000 0.000 0.000 -0.001 -0.002 1.000]]
		[0.25 [1.000 0.000 0.000 0.000 0.000 1.000 0.000 0.000 0.000 0.000 1.000 0.000 0.000 -0.001 -0.002 1.000]]
		[0.2583333 [1.000 0.000 0.000 0.000 0.000 1.000 0.000 0.000 0.000 0.000 1.000 0.000 0.000 -0.001 -0.002 1.000]]
		[0.2666667 [1.000 0.000 0.000 0.000 0.000 1.000 0.000 0.000 0.000 0.000 1.000 0.000 0.000 -0.001 -0.002 1.000]]
		[0.275 [1.000 0.000 0.000 0.000 0.000 1.000 0.000 0.000 0.000 0.000 1.000 0.000 0.000 -0.001 -0.002 1.000]]
		[0.2833333 [1.000 0.000 0.000 0.000 0.000 1.000 0.000 0.000 0.000 0.000 1.000 0.000 0.000 -0.001 -0.002 1.000]]
		[0.2916667 [1.000 0.000 0.000 0.000 0.000 1.000 0.000 0.000 0.000 0.000 1.000 0.000 0.000 -0.001 -0.002 1.000]]
		[0.3 [1.000 0.000 0.000 0.000 0.000 1.000 0.000 0.000 0.000 0.000 1.000 0.000 0.000 -0.001 -0.002 1.000]]
		[0.3083333 [1.000 0.000 0.000 0.000 0.000 1.000 0.000 0.000 0.000 0.000 1.000 0.000 0.000 -0.001 -0.002 1.000]]
		[0.3166667 [1.000 0.000 0.000 0.000 0.000 1.000 0.000 0.000 0.000 0.000 1.000 0.000 0.000 -0.001 -0.002 1.000]]
		[0.325 [1.000 0.000 0.000 0.000 0.000 1.000 0.000 0.000 0.000 0.000 1.000 0.000 0.000 -0.001 -0.002 1.000]]
		[0.3333333 [1.000 0.000 0.000 0.000 0.000 1.000 0.000 0.000 0.000 0.000 1.000 0.000 0.000 -0.001 -0.002 1.000]]
		[0.3416667 [1.000 0.000 0.000 0.000 0.000 1.000 0.000 0.000 0.000 0.000 1.000 0.000 0.000 -0.001 -0.002 1.000]]
		[0.35 [1.000 0.000 0.000 0.000 0.000 1.000 0.000 0.000 0.000 0.000 1.000 0.000 0.000 -0.001 -0.002 1.000]]
		[0.3583333 [1.000 0.000 0.000 0.000 0.000 1.000 0.000 0.000 0.000 0.000 1.000 0.000 0.000 -0.001 -0.002 1.000]]
		[0.3666667 [1.000 0.000 0.000 0.000 0.000 1.000 0.000 0.000 0.000 0.000 1.000 0.000 0.000 -0.001 -0.002 1.000]]
		[0.375 [1.000 0.000 0.000 0.000 0.000 1.000 0.000 0.000 0.000 0.000 1.000 0.000 0.000 -0.001 -0.002 1.000]]
		[0.3833333 [1.000 0.000 0.000 0.000 0.000 1.000 0.000 0.000 0.000 0.000 1.000 0.000 0.000 -0.001 -0.002 1.000]]
		[0.3916667 [1.000 0.000 0.000 0.000 0.000 1.000 0.000 0.000 0.000 0.000 1.000 0.000 0.000 -0.001 -0.002 1.000]]
		[0.4 [1.000 0.000 0.000 0.000 0.000 1.000 0.000 0.000 0.000 0.000 1.000 0.000 0.000 -0.001 -0.002 1.000]]
		[0.4083333 [1.000 0.000 0.000 0.000 0.000 1.000 0.000 0.000 0.000 0.000 1.000 0.000 0.000 -0.001 -0.002 1.000]]
		[0.4166667 [1.000 0.000 0.000 0.000 0.000 1.000 0.000 0.000 0.000 0.000 1.000 0.000 0.000 -0.001 -0.002 1.000]]
		[0.425 [1.000 0.000 0.000 0.000 0.000 1.000 0.000 0.000 0.000 0.000 1.000 0.000 0.000 -0.001 -0.002 1.000]]
		[0.4333333 [1.000 0.000 0.000 0.000 0.000 1.000 0.000 0.000 0.000 0.000 1.000 0.000 0.000 -0.001 -0.002 1.000]]
		[0.4416667 [1.000 0.000 0.000 0.000 0.000 1.000 0.000 0.000 0.000 0.000 1.000 0.000 0.000 -0.001 -0.002 1.000]]
		[0.45 [1.000 0.000 0.000 0.000 0.000 1.000 0.000 0.000 0.000 0.000 1.000 0.000 0.000 -0.001 -0.002 1.000]]
		[0.4583333 [1.000 0.000 0.000 0.000 0.000 1.000 0.000 0.000 0.000 0.000 1.000 0.000 0.000 -0.001 -0.002 1.000]]
		[0.4666667 [1.000 0.000 0.000 0.000 0.000 1.000 0.000 0.000 0.000 0.000 1.000 0.000 0.000 -0.001 -0.002 1.000]]
		[0.475 [1.000 0.000 0.000 0.000 0.000 1.000 0.000 0.000 0.000 0.000 1.000 0.000 0.000 -0.001 -0.002 1.000]]
		[0.4833333 [1.000 0.000 0.000 0.000 0.000 1.000 0.000 0.000 0.000 0.000 1.000 0.000 0.000 -0.001 -0.002 1.000]]
		[0.4916667 [1.000 0.000 0.000 0.000 0.000 1.000 0.000 0.000 0.000 0.000 1.000 0.000 0.000 -0.001 -0.002 1.000]]
		[0.5 [1.000 0.000 0.000 0.000 0.000 1.000 0.000 0.000 0.000 0.000 1.000 0.000 0.000 -0.001 -0.002 1.000]]
		[0.5083333 [1.000 0.000 0.000 0.000 0.000 1.000 0.000 0.000 0.000 0.000 1.000 0.000 0.000 -0.001 -0.002 1.000]]
		[0.5166667 [1.000 0.000 0.000 0.000 0.000 1.000 0.000 0.000 0.000 0.000 1.000 0.000 0.000 -0.001 -0.002 1.000]]
		[0.525 [1.000 0.000 0.000 0.000 0.000 1.000 0.000 0.000 0.000 0.000 1.000 0.000 0.000 -0.001 -0.002 1.000]]
		[0.5333334 [1.000 0.000 0.000 0.000 0.000 1.000 0.000 0.000 0.000 0.000 1.000 0.000 0.000 -0.001 -0.002 1.000]]
		[0.5416667 [1.000 0.000 0.000 0.000 0.000 1.000 0.000 0.000 0.000 0.000 1.000 0.000 0.000 -0.001 -0.002 1.000]]
		[0.55 [1.000 0.000 0.000 0.000 0.000 1.000 0.000 0.000 0.000 0.000 1.000 0.000 0.000 -0.001 -0.002 1.000]]
		[0.5583333 [1.000 0.000 0.000 0.000 0.000 1.000 0.000 0.000 0.000 0.000 1.000 0.000 0.000 -0.001 -0.002 1.000]]
		[0.5666667 [1.000 0.000 0.000 0.000 0.000 1.000 0.000 0.000 0.000 0.000 1.000 0.000 0.000 -0.001 -0.002 1.000]]
		[0.575 [1.000 0.000 0.000 0.000 0.000 1.000 0.000 0.000 0.000 0.000 1.000 0.000 0.000 -0.001 -0.002 1.000]]
		[0.5833333 [1.000 0.000 0.000 0.000 0.000 1.000 0.000 0.000 0.000 0.000 1.000 0.000 0.000 -0.001 -0.002 1.000]]
		[0.5916666 [1.000 0.000 0.000 0.000 0.000 1.000 0.000 0.000 0.000 0.000 1.000 0.000 0.000 -0.001 -0.002 1.000]]
		[0.6 [1.000 0.000 0.000 0.000 0.000 1.000 0.000 0.000 0.000 0.000 1.000 0.000 0.000 -0.001 -0.002 1.000]]
		[0.6083333 [1.000 0.000 0.000 0.000 0.000 1.000 0.000 0.000 0.000 0.000 1.000 0.000 0.000 -0.001 -0.002 1.000]]
		[0.6166667 [1.000 0.000 0.000 0.000 0.000 1.000 0.000 0.000 0.000 0.000 1.000 0.000 0.000 -0.001 -0.002 1.000]]
		[0.625 [1.000 0.000 0.000 0.000 0.000 1.000 0.000 0.000 0.000 0.000 1.000 0.000 0.000 -0.001 -0.002 1.000]]
		[0.6333333 [1.000 0.000 0.000 0.000 0.000 1.000 0.000 0.000 0.000 0.000 1.000 0.000 0.000 -0.001 -0.002 1.000]]
		[0.6416667 [1.000 0.000 0.000 0.000 0.000 1.000 0.000 0.000 0.000 0.000 1.000 0.000 0.000 -0.001 -0.002 1.000]]
		[0.65 [1.000 0.000 0.000 0.000 0.000 1.000 0.000 0.000 0.000 0.000 1.000 0.000 0.000 -0.001 -0.002 1.000]]
		[0.6583334 [1.000 0.000 0.000 0.000 0.000 1.000 0.000 0.000 0.000 0.000 1.000 0.000 0.000 -0.001 -0.002 1.000]]
		[0.6666667 [1.000 0.000 0.000 0.000 0.000 1.000 0.000 0.000 0.000 0.000 1.000 0.000 0.000 -0.001 -0.002 1.000]]
		[0.675 [1.000 0.000 0.000 0.000 0.000 1.000 0.000 0.000 0.000 0.000 1.000 0.000 0.000 -0.001 -0.002 1.000]]
		[0.6833333 [1.000 0.000 0.000 0.000 0.000 1.000 0.000 0.000 0.000 0.000 1.000 0.000 0.000 -0.001 -0.002 1.000]]
		[0.6916667 [1.000 0.000 0.000 0.000 0.000 1.000 0.000 0.000 0.000 0.000 1.000 0.000 0.000 -0.001 -0.002 1.000]]
		[0.7 [1.000 0.000 0.000 0.000 0.000 1.000 0.000 0.000 0.000 0.000 1.000 0.000 0.000 -0.001 -0.002 1.000]]
		[0.7083333 [1.000 0.000 0.000 0.000 0.000 1.000 0.000 0.000 0.000 0.000 1.000 0.000 0.000 -0.001 -0.002 1.000]]
		[0.7166666 [1.000 0.000 0.000 0.000 0.000 1.000 0.000 0.000 0.000 0.000 1.000 0.000 0.000 -0.001 -0.002 1.000]]
		[0.725 [1.000 0.000 0.000 0.000 0.000 1.000 0.000 0.000 0.000 0.000 1.000 0.000 0.000 -0.001 -0.002 1.000]]
		[0.7333333 [1.000 0.000 0.000 0.000 0.000 1.000 0.000 0.000 0.000 0.000 1.000 0.000 0.000 -0.001 -0.002 1.000]]
		[0.7416667 [1.000 0.000 0.000 0.000 0.000 1.000 0.000 0.000 0.000 0.000 1.000 0.000 0.000 -0.001 -0.002 1.000]]
		[0.75 [1.000 0.000 0.000 0.000 0.000 1.000 0.000 0.000 0.000 0.000 1.000 0.000 0.000 -0.001 -0.002 1.000]]
		[0.7583333 [1.000 0.000 0.000 0.000 0.000 1.000 0.000 0.000 0.000 0.000 1.000 0.000 0.000 -0.001 -0.002 1.000]]
		[0.7666667 [1.000 0.000 0.000 0.000 0.000 1.000 0.000 0.000 0.000 0.000 1.000 0.000 0.000 -0.001 -0.002 1.000]]
		[0.775 [1.000 0.000 0.000 0.000 0.000 1.000 0.000 0.000 0.000 0.000 1.000 0.000 0.000 -0.001 -0.002 1.000]]
		[0.7833334 [1.000 0.000 0.000 0.000 0.000 1.000 0.000 0.000 0.000 0.000 1.000 0.000 0.000 -0.001 -0.002 1.000]]
		[0.7916667 [1.000 0.000 0.000 0.000 0.000 1.000 0.000 0.000 0.000 0.000 1.000 0.000 0.000 -0.001 -0.002 1.000]]
		[0.8 [1.000 0.000 0.000 0.000 0.000 1.000 0.000 0.000 0.000 0.000 1.000 0.000 0.000 -0.001 -0.002 1.000]]
		[0.8083333 [1.000 0.000 0.000 0.000 0.000 1.000 0.000 0.000 0.000 0.000 1.000 0.000 0.000 -0.001 -0.002 1.000]]
		[0.8166667 [1.000 0.000 0.000 0.000 0.000 1.000 0.000 0.000 0.000 0.000 1.000 0.000 0.000 -0.001 -0.002 1.000]]
		[0.825 [1.000 0.000 0.000 0.000 0.000 1.000 0.000 0.000 0.000 0.000 1.000 0.000 0.000 -0.001 -0.002 1.000]]
		[0.8333333 [1.000 0.000 0.000 0.000 0.000 1.000 0.000 0.000 0.000 0.000 1.000 0.000 0.000 -0.001 -0.002 1.000]]
		[0.8416666 [1.000 0.000 0.000 0.000 0.000 1.000 0.000 0.000 0.000 0.000 1.000 0.000 0.000 -0.001 -0.002 1.000]]
		[0.85 [1.000 0.000 0.000 0.000 0.000 1.000 0.000 0.000 0.000 0.000 1.000 0.000 0.000 -0.001 -0.003 1.000]]
		[0.8583333 [1.000 0.000 0.000 0.000 0.000 1.000 0.000 0.000 0.000 0.000 1.000 0.000 0.000 -0.001 -0.003 1.000]]
		[0.8666667 [1.000 0.000 0.000 0.000 0.000 1.000 0.000 0.000 0.000 0.000 1.000 0.000 0.000 -0.001 -0.003 1.000]]
		[0.875 [1.000 0.000 0.000 0.000 0.000 1.000 0.000 0.000 0.000 0.000 1.000 0.000 0.000 -0.001 -0.003 1.000]]
		[0.8833333 [1.000 0.000 0.000 0.000 0.000 1.000 0.000 0.000 0.000 0.000 1.000 0.000 0.000 -0.001 -0.003 1.000]]
		[0.8916667 [1.000 0.000 0.000 0.000 0.000 1.000 0.000 0.000 0.000 0.000 1.000 0.000 0.000 -0.001 -0.003 1.000]]
		[0.9 [1.000 0.000 0.000 0.000 0.000 1.000 0.000 0.000 0.000 0.000 1.000 0.000 0.000 -0.001 -0.003 1.000]]
		[0.9083334 [1.000 0.000 0.000 0.000 0.000 1.000 0.000 0.000 0.000 0.000 1.000 0.000 0.000 -0.001 -0.003 1.000]]
		[0.9166667 [1.000 0.000 0.000 0.000 0.000 1.000 0.000 0.000 0.000 0.000 1.000 0.000 0.000 -0.001 -0.003 1.000]]
		[0.925 [1.000 0.000 0.000 0.000 0.000 1.000 0.000 0.000 0.000 0.000 1.000 0.000 0.000 -0.001 -0.003 1.000]]
		[0.9333333 [1.000 0.000 0.000 0.000 0.000 1.000 0.000 0.000 0.000 0.000 1.000 0.000 0.000 -0.001 -0.003 1.000]]
		[0.9416667 [1.000 0.000 0.000 0.000 0.000 1.000 0.000 0.000 0.000 0.000 1.000 0.000 0.000 -0.001 -0.003 1.000]]
		[0.95 [1.000 0.000 0.000 0.000 0.000 1.000 0.000 0.000 0.000 0.000 1.000 0.000 0.000 -0.001 -0.003 1.000]]
		[0.9583333 [1.000 0.000 0.000 0.000 0.000 1.000 0.000 0.000 0.000 0.000 1.000 0.000 0.000 -0.001 -0.003 1.000]]
		[0.9666666 [1.000 0.000 0.000 0.000 0.000 1.000 0.000 0.000 0.000 0.000 1.000 0.000 0.000 -0.001 -0.003 1.000]]
		[0.975 [1.000 0.000 0.000 0.000 0.000 1.000 0.000 0.000 0.000 0.000 1.000 0.000 0.000 -0.001 -0.003 1.000]]
		[0.9833333 [1.000 0.000 0.000 0.000 0.000 1.000 0.000 0.000 0.000 0.000 1.000 0.000 0.000 -0.001 -0.003 1.000]]
		[0.9916667 [1.000 0.000 0.000 0.000 0.000 1.000 0.000 0.000 0.000 0.000 1.000 0.000 0.000 -0.001 -0.003 1.000]]
	]
	"Golova_end" [
		[0 [1.000 0.000 0.000 0.000 0.000 1.000 0.000 0.000 0.000 0.000 1.000 0.000 0.000 -0.001 -0.002 1.000]]
		[0.008333334 [1.000 0.000 0.000 0.000 0.000 1.000 0.000 0.000 0.000 0.000 1.000 0.000 0.000 -0.001 -0.002 1.000]]
		[0.01666667 [1.000 0.000 0.000 0.000 0.000 1.000 0.000 0.000 0.000 0.000 1.000 0.000 0.000 -0.001 -0.002 1.000]]
		[0.025 [1.000 0.000 0.000 0.000 0.000 1.000 0.000 0.000 0.000 0.000 1.000 0.000 0.000 -0.001 -0.002 1.000]]
		[0.03333334 [1.000 0.000 0.000 0.000 0.000 1.000 0.000 0.000 0.000 0.000 1.000 0.000 0.000 -0.001 -0.002 1.000]]
		[0.04166667 [1.000 0.000 0.000 0.000 0.000 1.000 0.000 0.000 0.000 0.000 1.000 0.000 0.000 -0.001 -0.002 1.000]]
		[0.05 [1.000 0.000 0.000 0.000 0.000 1.000 0.000 0.000 0.000 0.000 1.000 0.000 0.000 -0.001 -0.002 1.000]]
		[0.05833333 [1.000 0.000 0.000 0.000 0.000 1.000 0.000 0.000 0.000 0.000 1.000 0.000 0.000 -0.001 -0.002 1.000]]
		[0.06666667 [1.000 0.000 0.000 0.000 0.000 1.000 0.000 0.000 0.000 0.000 1.000 0.000 0.000 -0.001 -0.002 1.000]]
		[0.075 [1.000 0.000 0.000 0.000 0.000 1.000 0.000 0.000 0.000 0.000 1.000 0.000 0.000 -0.001 -0.002 1.000]]
		[0.08333334 [1.000 0.000 0.000 0.000 0.000 1.000 0.000 0.000 0.000 0.000 1.000 0.000 0.000 -0.001 -0.002 1.000]]
		[0.09166667 [1.000 0.000 0.000 0.000 0.000 1.000 0.000 0.000 0.000 0.000 1.000 0.000 0.000 -0.001 -0.002 1.000]]
		[0.1 [1.000 0.000 0.000 0.000 0.000 1.000 0.000 0.000 0.000 0.000 1.000 0.000 0.000 -0.001 -0.002 1.000]]
		[0.1083333 [1.000 0.000 0.000 0.000 0.000 1.000 0.000 0.000 0.000 0.000 1.000 0.000 0.000 -0.001 -0.002 1.000]]
		[0.1166667 [1.000 0.000 0.000 0.000 0.000 1.000 0.000 0.000 0.000 0.000 1.000 0.000 0.000 -0.001 -0.002 1.000]]
		[0.125 [1.000 0.000 0.000 0.000 0.000 1.000 0.000 0.000 0.000 0.000 1.000 0.000 0.000 -0.001 -0.002 1.000]]
		[0.1333333 [1.000 0.000 0.000 0.000 0.000 1.000 0.000 0.000 0.000 0.000 1.000 0.000 0.000 -0.001 -0.002 1.000]]
		[0.1416667 [1.000 0.000 0.000 0.000 0.000 1.000 0.000 0.000 0.000 0.000 1.000 0.000 0.000 -0.001 -0.002 1.000]]
		[0.15 [1.000 0.000 0.000 0.000 0.000 1.000 0.000 0.000 0.000 0.000 1.000 0.000 0.000 -0.001 -0.002 1.000]]
		[0.1583333 [1.000 0.000 0.000 0.000 0.000 1.000 0.000 0.000 0.000 0.000 1.000 0.000 0.000 -0.001 -0.002 1.000]]
		[0.1666667 [1.000 0.000 0.000 0.000 0.000 1.000 0.000 0.000 0.000 0.000 1.000 0.000 0.000 -0.001 -0.002 1.000]]
		[0.175 [1.000 0.000 0.000 0.000 0.000 1.000 0.000 0.000 0.000 0.000 1.000 0.000 0.000 -0.001 -0.002 1.000]]
		[0.1833333 [1.000 0.000 0.000 0.000 0.000 1.000 0.000 0.000 0.000 0.000 1.000 0.000 0.000 -0.001 -0.002 1.000]]
		[0.1916667 [1.000 0.000 0.000 0.000 0.000 1.000 0.000 0.000 0.000 0.000 1.000 0.000 0.000 -0.001 -0.002 1.000]]
		[0.2 [1.000 0.000 0.000 0.000 0.000 1.000 0.000 0.000 0.000 0.000 1.000 0.000 0.000 -0.001 -0.002 1.000]]
		[0.2083333 [1.000 0.000 0.000 0.000 0.000 1.000 0.000 0.000 0.000 0.000 1.000 0.000 0.000 -0.001 -0.002 1.000]]
		[0.2166667 [1.000 0.000 0.000 0.000 0.000 1.000 0.000 0.000 0.000 0.000 1.000 0.000 0.000 -0.001 -0.002 1.000]]
		[0.225 [1.000 0.000 0.000 0.000 0.000 1.000 0.000 0.000 0.000 0.000 1.000 0.000 0.000 -0.001 -0.002 1.000]]
		[0.2333333 [1.000 0.000 0.000 0.000 0.000 1.000 0.000 0.000 0.000 0.000 1.000 0.000 0.000 -0.001 -0.002 1.000]]
		[0.2416667 [1.000 0.000 0.000 0.000 0.000 1.000 0.000 0.000 0.000 0.000 1.000 0.000 0.000 -0.001 -0.002 1.000]]
		[0.25 [1.000 0.000 0.000 0.000 0.000 1.000 0.000 0.000 0.000 0.000 1.000 0.000 0.000 -0.001 -0.002 1.000]]
		[0.2583333 [1.000 0.000 0.000 0.000 0.000 1.000 0.000 0.000 0.000 0.000 1.000 0.000 0.000 -0.001 -0.002 1.000]]
		[0.2666667 [1.000 0.000 0.000 0.000 0.000 1.000 0.000 0.000 0.000 0.000 1.000 0.000 0.000 -0.001 -0.002 1.000]]
		[0.275 [1.000 0.000 0.000 0.000 0.000 1.000 0.000 0.000 0.000 0.000 1.000 0.000 0.000 -0.001 -0.002 1.000]]
		[0.2833333 [1.000 0.000 0.000 0.000 0.000 1.000 0.000 0.000 0.000 0.000 1.000 0.000 0.000 -0.001 -0.002 1.000]]
		[0.2916667 [1.000 0.000 0.000 0.000 0.000 1.000 0.000 0.000 0.000 0.000 1.000 0.000 0.000 -0.001 -0.002 1.000]]
		[0.3 [1.000 0.000 0.000 0.000 0.000 1.000 0.000 0.000 0.000 0.000 1.000 0.000 0.000 -0.001 -0.002 1.000]]
		[0.3083333 [1.000 0.000 0.000 0.000 0.000 1.000 0.000 0.000 0.000 0.000 1.000 0.000 0.000 -0.001 -0.002 1.000]]
		[0.3166667 [1.000 0.000 0.000 0.000 0.000 1.000 0.000 0.000 0.000 0.000 1.000 0.000 0.000 -0.001 -0.002 1.000]]
		[0.325 [1.000 0.000 0.000 0.000 0.000 1.000 0.000 0.000 0.000 0.000 1.000 0.000 0.000 -0.001 -0.002 1.000]]
		[0.3333333 [1.000 0.000 0.000 0.000 0.000 1.000 0.000 0.000 0.000 0.000 1.000 0.000 0.000 -0.001 -0.002 1.000]]
		[0.3416667 [1.000 0.000 0.000 0.000 0.000 1.000 0.000 0.000 0.000 0.000 1.000 0.000 0.000 -0.001 -0.002 1.000]]
		[0.35 [1.000 0.000 0.000 0.000 0.000 1.000 0.000 0.000 0.000 0.000 1.000 0.000 0.000 -0.001 -0.002 1.000]]
		[0.3583333 [1.000 0.000 0.000 0.000 0.000 1.000 0.000 0.000 0.000 0.000 1.000 0.000 0.000 -0.001 -0.002 1.000]]
		[0.3666667 [1.000 0.000 0.000 0.000 0.000 1.000 0.000 0.000 0.000 0.000 1.000 0.000 0.000 -0.001 -0.002 1.000]]
		[0.375 [1.000 0.000 0.000 0.000 0.000 1.000 0.000 0.000 0.000 0.000 1.000 0.000 0.000 -0.001 -0.002 1.000]]
		[0.3833333 [1.000 0.000 0.000 0.000 0.000 1.000 0.000 0.000 0.000 0.000 1.000 0.000 0.000 -0.001 -0.002 1.000]]
		[0.3916667 [1.000 0.000 0.000 0.000 0.000 1.000 0.000 0.000 0.000 0.000 1.000 0.000 0.000 -0.001 -0.002 1.000]]
		[0.4 [1.000 0.000 0.000 0.000 0.000 1.000 0.000 0.000 0.000 0.000 1.000 0.000 0.000 -0.001 -0.002 1.000]]
		[0.4083333 [1.000 0.000 0.000 0.000 0.000 1.000 0.000 0.000 0.000 0.000 1.000 0.000 0.000 -0.001 -0.002 1.000]]
		[0.4166667 [1.000 0.000 0.000 0.000 0.000 1.000 0.000 0.000 0.000 0.000 1.000 0.000 0.000 -0.001 -0.002 1.000]]
		[0.425 [1.000 0.000 0.000 0.000 0.000 1.000 0.000 0.000 0.000 0.000 1.000 0.000 0.000 -0.001 -0.002 1.000]]
		[0.4333333 [1.000 0.000 0.000 0.000 0.000 1.000 0.000 0.000 0.000 0.000 1.000 0.000 0.000 -0.001 -0.002 1.000]]
		[0.4416667 [1.000 0.000 0.000 0.000 0.000 1.000 0.000 0.000 0.000 0.000 1.000 0.000 0.000 -0.001 -0.002 1.000]]
		[0.45 [1.000 0.000 0.000 0.000 0.000 1.000 0.000 0.000 0.000 0.000 1.000 0.000 0.000 -0.001 -0.002 1.000]]
		[0.4583333 [1.000 0.000 0.000 0.000 0.000 1.000 0.000 0.000 0.000 0.000 1.000 0.000 0.000 -0.001 -0.002 1.000]]
		[0.4666667 [1.000 0.000 0.000 0.000 0.000 1.000 0.000 0.000 0.000 0.000 1.000 0.000 0.000 -0.001 -0.002 1.000]]
		[0.475 [1.000 0.000 0.000 0.000 0.000 1.000 0.000 0.000 0.000 0.000 1.000 0.000 0.000 -0.001 -0.002 1.000]]
		[0.4833333 [1.000 0.000 0.000 0.000 0.000 1.000 0.000 0.000 0.000 0.000 1.000 0.000 0.000 -0.001 -0.002 1.000]]
		[0.4916667 [1.000 0.000 0.000 0.000 0.000 1.000 0.000 0.000 0.000 0.000 1.000 0.000 0.000 -0.001 -0.002 1.000]]
		[0.5 [1.000 0.000 0.000 0.000 0.000 1.000 0.000 0.000 0.000 0.000 1.000 0.000 0.000 -0.001 -0.002 1.000]]
		[0.5083333 [1.000 0.000 0.000 0.000 0.000 1.000 0.000 0.000 0.000 0.000 1.000 0.000 0.000 -0.001 -0.002 1.000]]
		[0.5166667 [1.000 0.000 0.000 0.000 0.000 1.000 0.000 0.000 0.000 0.000 1.000 0.000 0.000 -0.001 -0.002 1.000]]
		[0.525 [1.000 0.000 0.000 0.000 0.000 1.000 0.000 0.000 0.000 0.000 1.000 0.000 0.000 -0.001 -0.002 1.000]]
		[0.5333334 [1.000 0.000 0.000 0.000 0.000 1.000 0.000 0.000 0.000 0.000 1.000 0.000 0.000 -0.001 -0.002 1.000]]
		[0.5416667 [1.000 0.000 0.000 0.000 0.000 1.000 0.000 0.000 0.000 0.000 1.000 0.000 0.000 -0.001 -0.002 1.000]]
		[0.55 [1.000 0.000 0.000 0.000 0.000 1.000 0.000 0.000 0.000 0.000 1.000 0.000 0.000 -0.001 -0.002 1.000]]
		[0.5583333 [1.000 0.000 0.000 0.000 0.000 1.000 0.000 0.000 0.000 0.000 1.000 0.000 0.000 -0.001 -0.002 1.000]]
		[0.5666667 [1.000 0.000 0.000 0.000 0.000 1.000 0.000 0.000 0.000 0.000 1.000 0.000 0.000 -0.001 -0.002 1.000]]
		[0.575 [1.000 0.000 0.000 0.000 0.000 1.000 0.000 0.000 0.000 0.000 1.000 0.000 0.000 -0.001 -0.002 1.000]]
		[0.5833333 [1.000 0.000 0.000 0.000 0.000 1.000 0.000 0.000 0.000 0.000 1.000 0.000 0.000 -0.001 -0.002 1.000]]
		[0.5916666 [1.000 0.000 0.000 0.000 0.000 1.000 0.000 0.000 0.000 0.000 1.000 0.000 0.000 -0.001 -0.002 1.000]]
		[0.6 [1.000 0.000 0.000 0.000 0.000 1.000 0.000 0.000 0.000 0.000 1.000 0.000 0.000 -0.001 -0.002 1.000]]
		[0.6083333 [1.000 0.000 0.000 0.000 0.000 1.000 0.000 0.000 0.000 0.000 1.000 0.000 0.000 -0.001 -0.002 1.000]]
		[0.6166667 [1.000 0.000 0.000 0.000 0.000 1.000 0.000 0.000 0.000 0.000 1.000 0.000 0.000 -0.001 -0.002 1.000]]
		[0.625 [1.000 0.000 0.000 0.000 0.000 1.000 0.000 0.000 0.000 0.000 1.000 0.000 0.000 -0.001 -0.002 1.000]]
		[0.6333333 [1.000 0.000 0.000 0.000 0.000 1.000 0.000 0.000 0.000 0.000 1.000 0.000 0.000 -0.001 -0.002 1.000]]
		[0.6416667 [1.000 0.000 0.000 0.000 0.000 1.000 0.000 0.000 0.000 0.000 1.000 0.000 0.000 -0.001 -0.002 1.000]]
		[0.65 [1.000 0.000 0.000 0.000 0.000 1.000 0.000 0.000 0.000 0.000 1.000 0.000 0.000 -0.001 -0.002 1.000]]
		[0.6583334 [1.000 0.000 0.000 0.000 0.000 1.000 0.000 0.000 0.000 0.000 1.000 0.000 0.000 -0.001 -0.002 1.000]]
		[0.6666667 [1.000 0.000 0.000 0.000 0.000 1.000 0.000 0.000 0.000 0.000 1.000 0.000 0.000 -0.001 -0.002 1.000]]
		[0.675 [1.000 0.000 0.000 0.000 0.000 1.000 0.000 0.000 0.000 0.000 1.000 0.000 0.000 -0.001 -0.002 1.000]]
		[0.6833333 [1.000 0.000 0.000 0.000 0.000 1.000 0.000 0.000 0.000 0.000 1.000 0.000 0.000 -0.001 -0.002 1.000]]
		[0.6916667 [1.000 0.000 0.000 0.000 0.000 1.000 0.000 0.000 0.000 0.000 1.000 0.000 0.000 -0.001 -0.002 1.000]]
		[0.7 [1.000 0.000 0.000 0.000 0.000 1.000 0.000 0.000 0.000 0.000 1.000 0.000 0.000 -0.001 -0.002 1.000]]
		[0.7083333 [1.000 0.000 0.000 0.000 0.000 1.000 0.000 0.000 0.000 0.000 1.000 0.000 0.000 -0.001 -0.002 1.000]]
		[0.7166666 [1.000 0.000 0.000 0.000 0.000 1.000 0.000 0.000 0.000 0.000 1.000 0.000 0.000 -0.001 -0.002 1.000]]
		[0.725 [1.000 0.000 0.000 0.000 0.000 1.000 0.000 0.000 0.000 0.000 1.000 0.000 0.000 -0.001 -0.002 1.000]]
		[0.7333333 [1.000 0.000 0.000 0.000 0.000 1.000 0.000 0.000 0.000 0.000 1.000 0.000 0.000 -0.001 -0.002 1.000]]
		[0.7416667 [1.000 0.000 0.000 0.000 0.000 1.000 0.000 0.000 0.000 0.000 1.000 0.000 0.000 -0.001 -0.002 1.000]]
		[0.75 [1.000 0.000 0.000 0.000 0.000 1.000 0.000 0.000 0.000 0.000 1.000 0.000 0.000 -0.001 -0.002 1.000]]
		[0.7583333 [1.000 0.000 0.000 0.000 0.000 1.000 0.000 0.000 0.000 0.000 1.000 0.000 0.000 -0.001 -0.002 1.000]]
		[0.7666667 [1.000 0.000 0.000 0.000 0.000 1.000 0.000 0.000 0.000 0.000 1.000 0.000 0.000 -0.001 -0.002 1.000]]
		[0.775 [1.000 0.000 0.000 0.000 0.000 1.000 0.000 0.000 0.000 0.000 1.000 0.000 0.000 -0.001 -0.002 1.000]]
		[0.7833334 [1.000 0.000 0.000 0.000 0.000 1.000 0.000 0.000 0.000 0.000 1.000 0.000 0.000 -0.001 -0.002 1.000]]
		[0.7916667 [1.000 0.000 0.000 0.000 0.000 1.000 0.000 0.000 0.000 0.000 1.000 0.000 0.000 -0.001 -0.002 1.000]]
		[0.8 [1.000 0.000 0.000 0.000 0.000 1.000 0.000 0.000 0.000 0.000 1.000 0.000 0.000 -0.001 -0.002 1.000]]
		[0.8083333 [1.000 0.000 0.000 0.000 0.000 1.000 0.000 0.000 0.000 0.000 1.000 0.000 0.000 -0.001 -0.002 1.000]]
		[0.8166667 [1.000 0.000 0.000 0.000 0.000 1.000 0.000 0.000 0.000 0.000 1.000 0.000 0.000 -0.001 -0.002 1.000]]
		[0.825 [1.000 0.000 0.000 0.000 0.000 1.000 0.000 0.000 0.000 0.000 1.000 0.000 0.000 -0.001 -0.002 1.000]]
		[0.8333333 [1.000 0.000 0.000 0.000 0.000 1.000 0.000 0.000 0.000 0.000 1.000 0.000 0.000 -0.001 -0.002 1.000]]
		[0.8416666 [1.000 0.000 0.000 0.000 0.000 1.000 0.000 0.000 0.000 0.000 1.000 0.000 0.000 -0.001 -0.002 1.000]]
		[0.85 [1.000 0.000 0.000 0.000 0.000 1.000 0.000 0.000 0.000 0.000 1.000 0.000 0.000 -0.001 -0.003 1.000]]
		[0.8583333 [1.000 0.000 0.000 0.000 0.000 1.000 0.000 0.000 0.000 0.000 1.000 0.000 0.000 -0.001 -0.003 1.000]]
		[0.8666667 [1.000 0.000 0.000 0.000 0.000 1.000 0.000 0.000 0.000 0.000 1.000 0.000 0.000 -0.001 -0.003 1.000]]
		[0.875 [1.000 0.000 0.000 0.000 0.000 1.000 0.000 0.000 0.000 0.000 1.000 0.000 0.000 -0.001 -0.003 1.000]]
		[0.8833333 [1.000 0.000 0.000 0.000 0.000 1.000 0.000 0.000 0.000 0.000 1.000 0.000 0.000 -0.001 -0.003 1.000]]
