{ :name "Walk" :length 0.6666667 :bones { 
	"Armature" [
		[0 [1.000 0.000 0.000 0.000 0.000 1.000 0.000 0.000 0.000 0.000 1.000 0.000 0.000 0.000 0.000 1.000]]
	]
	"Skelet" [
		[0 [1.000 0.000 0.000 0.000 0.000 1.000 0.000 0.000 0.000 0.000 1.000 0.000 0.000 0.000 0.000 1.000]]
		[0.025 [1.000 0.000 0.000 0.000 0.000 1.000 0.000 0.000 0.000 0.000 1.000 0.000 0.000 0.017 0.000 1.000]]
		[0.05 [1.000 0.000 0.000 0.000 0.000 1.000 0.000 0.000 0.000 0.000 1.000 0.000 0.000 0.036 0.000 1.000]]
		[0.075 [1.000 0.000 0.000 0.000 0.000 1.000 0.000 0.000 0.000 0.000 1.000 0.000 0.000 0.056 0.000 1.000]]
		[0.1 [1.000 0.000 0.000 0.000 0.000 1.000 0.000 0.000 0.000 0.000 1.000 0.000 0.000 0.074 0.000 1.000]]
		[0.125 [1.000 0.000 0.000 0.000 0.000 1.000 0.000 0.000 0.000 0.000 1.000 0.000 0.000 0.089 0.000 1.000]]
		[0.15 [1.000 0.000 0.000 0.000 0.000 1.000 0.000 0.000 0.000 0.000 1.000 0.000 0.000 0.098 0.000 1.000]]
		[0.175 [1.000 0.000 0.000 0.000 0.000 1.000 0.000 0.000 0.000 0.000 1.000 0.000 0.000 0.099 0.000 1.000]]
		[0.2 [1.000 0.000 0.000 0.000 0.000 1.000 0.000 0.000 0.000 0.000 1.000 0.000 0.000 0.090 0.000 1.000]]
		[0.225 [1.000 0.000 0.000 0.000 0.000 1.000 0.000 0.000 0.000 0.000 1.000 0.000 0.000 0.072 0.000 1.000]]
		[0.25 [1.000 0.000 0.000 0.000 0.000 1.000 0.000 0.000 0.000 0.000 1.000 0.000 0.000 0.050 0.000 1.000]]
		[0.275 [1.000 0.000 0.000 0.000 0.000 1.000 0.000 0.000 0.000 0.000 1.000 0.000 0.000 0.028 0.000 1.000]]
		[0.3 [1.000 0.000 0.000 0.000 0.000 1.000 0.000 0.000 0.000 0.000 1.000 0.000 0.000 0.010 0.000 1.000]]
		[0.325 [1.000 0.000 0.000 0.000 0.000 1.000 0.000 0.000 0.000 0.000 1.000 0.000 0.000 0.001 0.000 1.000]]
		[0.35 [1.000 0.000 0.000 0.000 0.000 1.000 0.000 0.000 0.000 0.000 1.000 0.000 0.000 0.003 0.000 1.000]]
		[0.375 [1.000 0.000 0.000 0.000 0.000 1.000 0.000 0.000 0.000 0.000 1.000 0.000 0.000 0.016 0.000 1.000]]
		[0.4 [1.000 0.000 0.000 0.000 0.000 1.000 0.000 0.000 0.000 0.000 1.000 0.000 0.000 0.035 0.000 1.000]]
		[0.425 [1.000 0.000 0.000 0.000 0.000 1.000 0.000 0.000 0.000 0.000 1.000 0.000 0.000 0.057 0.000 1.000]]
		[0.45 [1.000 0.000 0.000 0.000 0.000 1.000 0.000 0.000 0.000 0.000 1.000 0.000 0.000 0.078 0.000 1.000]]
		[0.475 [1.000 0.000 0.000 0.000 0.000 1.000 0.000 0.000 0.000 0.000 1.000 0.000 0.000 0.094 0.000 1.000]]
		[0.5 [1.000 0.000 0.000 0.000 0.000 1.000 0.000 0.000 0.000 0.000 1.000 0.000 0.000 0.100 0.000 1.000]]
		[0.525 [1.000 0.000 0.000 0.000 0.000 1.000 0.000 0.000 0.000 0.000 1.000 0.000 0.000 0.096 0.000 1.000]]
		[0.55 [1.000 0.000 0.000 0.000 0.000 1.000 0.000 0.000 0.000 0.000 1.000 0.000 0.000 0.085 0.000 1.000]]
		[0.575 [1.000 0.000 0.000 0.000 0.000 1.000 0.000 0.000 0.000 0.000 1.000 0.000 0.000 0.069 0.000 1.000]]
		[0.6 [1.000 0.000 0.000 0.000 0.000 1.000 0.000 0.000 0.000 0.000 1.000 0.000 0.000 0.050 0.000 1.000]]
		[0.625 [1.000 0.000 0.000 0.000 0.000 1.000 0.000 0.000 0.000 0.000 1.000 0.000 0.000 0.030 0.000 1.000]]
		[0.65 [1.000 0.000 0.000 0.000 0.000 1.000 0.000 0.000 0.000 0.000 1.000 0.000 0.000 0.011 0.000 1.000]]
		[0.675 [1.000 0.000 0.000 0.000 0.000 1.000 0.000 0.000 0.000 0.000 1.000 0.000 0.000 0.000 0.000 1.000]]
		[0.7 [1.000 0.000 0.000 0.000 0.000 1.000 0.000 0.000 0.000 0.000 1.000 0.000 0.000 0.000 0.000 1.000]]
		[0.725 [1.000 0.000 0.000 0.000 0.000 1.000 0.000 0.000 0.000 0.000 1.000 0.000 0.000 0.000 0.000 1.000]]
		[0.75 [1.000 0.000 0.000 0.000 0.000 1.000 0.000 0.000 0.000 0.000 1.000 0.000 0.000 0.000 0.000 1.000]]
		[0.775 [1.000 0.000 0.000 0.000 0.000 1.000 0.000 0.000 0.000 0.000 1.000 0.000 0.000 0.000 0.000 1.000]]
		[0.8 [1.000 0.000 0.000 0.000 0.000 1.000 0.000 0.000 0.000 0.000 1.000 0.000 0.000 0.000 0.000 1.000]]
		[0.825 [1.000 0.000 0.000 0.000 0.000 1.000 0.000 0.000 0.000 0.000 1.000 0.000 0.000 0.000 0.000 1.000]]
		[0.85 [1.000 0.000 0.000 0.000 0.000 1.000 0.000 0.000 0.000 0.000 1.000 0.000 0.000 0.000 0.000 1.000]]
		[0.875 [1.000 0.000 0.000 0.000 0.000 1.000 0.000 0.000 0.000 0.000 1.000 0.000 0.000 0.000 0.000 1.000]]
		[0.9 [1.000 0.000 0.000 0.000 0.000 1.000 0.000 0.000 0.000 0.000 1.000 0.000 0.000 0.000 0.000 1.000]]
		[0.925 [1.000 0.000 0.000 0.000 0.000 1.000 0.000 0.000 0.000 0.000 1.000 0.000 0.000 0.000 0.000 1.000]]
		[0.95 [1.000 0.000 0.000 0.000 0.000 1.000 0.000 0.000 0.000 0.000 1.000 0.000 0.000 0.000 0.000 1.000]]
		[0.975 [1.000 0.000 0.000 0.000 0.000 1.000 0.000 0.000 0.000 0.000 1.000 0.000 0.000 0.000 0.000 1.000]]
	]
	"Bedro_L" [
		[0 [0.962 0.271 -0.009 0.000 -0.271 0.962 -0.025 0.000 0.002 0.027 1.000 0.000 0.000 0.000 0.000 1.000]]
		[0.025 [0.945 0.327 -0.011 0.000 -0.328 0.944 -0.025 0.000 0.002 0.027 1.000 0.000 0.000 0.000 0.000 1.000]]
		[0.05 [0.920 0.391 -0.012 0.000 -0.391 0.920 -0.024 0.000 0.002 0.027 1.000 0.000 0.000 0.000 0.000 1.000]]
		[0.075 [0.891 0.453 -0.014 0.000 -0.454 0.891 -0.023 0.000 0.002 0.027 1.000 0.000 0.000 0.000 0.000 1.000]]
		[0.1 [0.861 0.509 -0.015 0.000 -0.509 0.860 -0.022 0.000 0.002 0.027 1.000 0.000 0.000 0.000 0.000 1.000]]
		[0.125 [0.833 0.552 -0.016 0.000 -0.553 0.833 -0.021 0.000 0.002 0.027 1.000 0.000 0.000 0.000 0.000 1.000]]
		[0.15 [0.816 0.578 -0.017 0.000 -0.579 0.815 -0.021 0.000 0.002 0.027 1.000 0.000 0.000 0.000 0.000 1.000]]
		[0.175 [0.811 0.584 -0.017 0.000 -0.584 0.811 -0.020 0.000 0.002 0.027 1.000 0.000 0.000 0.000 0.000 1.000]]
		[0.2 [0.818 0.575 -0.017 0.000 -0.575 0.818 -0.021 0.000 0.002 0.027 1.000 0.000 0.000 0.000 0.000 1.000]]
		[0.225 [0.845 0.534 -0.016 0.000 -0.535 0.845 -0.021 0.000 0.002 0.027 1.000 0.000 0.000 0.000 0.000 1.000]]
		[0.25 [0.901 0.434 -0.013 0.000 -0.434 0.900 -0.023 0.000 0.002 0.027 1.000 0.000 0.000 0.000 0.000 1.000]]
		[0.275 [0.977 0.215 -0.008 0.000 -0.215 0.976 -0.026 0.000 0.002 0.027 1.000 0.000 0.000 0.000 0.000 1.000]]
		[0.3 [0.996 -0.091 0.000 0.000 0.091 0.995 -0.027 0.000 0.002 0.027 1.000 0.000 0.000 0.000 0.000 1.000]]
		[0.325 [0.936 -0.351 0.008 0.000 0.351 0.936 -0.026 0.000 0.002 0.027 1.000 0.000 0.000 0.000 0.000 1.000]]
		[0.35 [0.867 -0.498 0.012 0.000 0.498 0.867 -0.024 0.000 0.002 0.027 1.000 0.000 0.000 0.000 0.000 1.000]]
		[0.375 [0.801 -0.598 0.014 0.000 0.598 0.801 -0.023 0.000 0.002 0.027 1.000 0.000 0.000 0.000 0.000 1.000]]
		[0.4 [0.745 -0.667 0.016 0.000 0.667 0.744 -0.021 0.000 0.002 0.027 1.000 0.000 0.000 0.000 0.000 1.000]]
		[0.425 [0.705 -0.709 0.018 0.000 0.709 0.705 -0.020 0.000 0.002 0.027 1.000 0.000 0.000 0.000 0.000 1.000]]
		[0.45 [0.686 -0.727 0.018 0.000 0.727 0.686 -0.020 0.000 0.002 0.027 1.000 0.000 0.000 0.000 0.000 1.000]]
		[0.475 [0.690 -0.723 0.018 0.000 0.724 0.690 -0.020 0.000 0.002 0.027 1.000 0.000 0.000 0.000 0.000 1.000]]
		[0.5 [0.716 -0.698 0.017 0.000 0.698 0.716 -0.021 0.000 0.002 0.027 1.000 0.000 0.000 0.000 0.000 1.000]]
		[0.525 [0.771 -0.637 0.015 0.000 0.637 0.770 -0.022 0.000 0.002 0.027 1.000 0.000 0.000 0.000 0.000 1.000]]
		[0.55 [0.847 -0.532 0.013 0.000 0.532 0.846 -0.024 0.000 0.002 0.027 1.000 0.000 0.000 0.000 0.000 1.000]]
		[0.575 [0.923 -0.386 0.008 0.000 0.386 0.922 -0.025 0.000 0.002 0.027 1.000 0.000 0.000 0.000 0.000 1.000]]
		[0.6 [0.978 -0.210 0.004 0.000 0.210 0.977 -0.027 0.000 0.002 0.027 1.000 0.000 0.000 0.000 0.000 1.000]]
		[0.625 [1.000 -0.020 -0.001 0.000 0.020 0.999 -0.027 0.000 0.002 0.027 1.000 0.000 0.000 0.000 0.000 1.000]]
		[0.65 [0.987 0.163 -0.006 0.000 -0.163 0.986 -0.026 0.000 0.002 0.027 1.000 0.000 0.000 0.000 0.000 1.000]]
		[0.675 [0.962 0.271 -0.009 0.000 -0.271 0.962 -0.025 0.000 0.002 0.027 1.000 0.000 0.000 0.000 0.000 1.000]]
		[0.7 [0.962 0.271 -0.009 0.000 -0.271 0.962 -0.025 0.000 0.002 0.027 1.000 0.000 0.000 0.000 0.000 1.000]]
		[0.725 [0.962 0.271 -0.009 0.000 -0.271 0.962 -0.025 0.000 0.002 0.027 1.000 0.000 0.000 0.000 0.000 1.000]]
		[0.75 [0.962 0.271 -0.009 0.000 -0.271 0.962 -0.025 0.000 0.002 0.027 1.000 0.000 0.000 0.000 0.000 1.000]]
		[0.775 [0.962 0.271 -0.009 0.000 -0.271 0.962 -0.025 0.000 0.002 0.027 1.000 0.000 0.000 0.000 0.000 1.000]]
		[0.8 [0.962 0.271 -0.009 0.000 -0.271 0.962 -0.025 0.000 0.002 0.027 1.000 0.000 0.000 0.000 0.000 1.000]]
		[0.825 [0.962 0.271 -0.009 0.000 -0.271 0.962 -0.025 0.000 0.002 0.027 1.000 0.000 0.000 0.000 0.000 1.000]]
		[0.85 [0.962 0.271 -0.009 0.000 -0.271 0.962 -0.025 0.000 0.002 0.027 1.000 0.000 0.000 0.000 0.000 1.000]]
		[0.875 [0.962 0.271 -0.009 0.000 -0.271 0.962 -0.025 0.000 0.002 0.027 1.000 0.000 0.000 0.000 0.000 1.000]]
		[0.9 [0.962 0.271 -0.009 0.000 -0.271 0.962 -0.025 0.000 0.002 0.027 1.000 0.000 0.000 0.000 0.000 1.000]]
		[0.925 [0.962 0.271 -0.009 0.000 -0.271 0.962 -0.025 0.000 0.002 0.027 1.000 0.000 0.000 0.000 0.000 1.000]]
		[0.95 [0.962 0.271 -0.009 0.000 -0.271 0.962 -0.025 0.000 0.002 0.027 1.000 0.000 0.000 0.000 0.000 1.000]]
		[0.975 [0.962 0.271 -0.009 0.000 -0.271 0.962 -0.025 0.000 0.002 0.027 1.000 0.000 0.000 0.000 0.000 1.000]]
	]
	"Koleno_L" [
		[0 [-0.032 0.999 -0.011 0.000 -0.999 -0.032 0.001 0.000 0.001 0.011 1.000 0.000 0.000 0.000 0.000 1.000]]
		[0.025 [-0.180 0.984 -0.011 0.000 -0.984 -0.180 0.003 0.000 0.001 0.011 1.000 0.000 0.000 0.000 0.000 1.000]]
		[0.05 [-0.335 0.942 -0.010 0.000 -0.942 -0.335 0.005 0.000 0.001 0.011 1.000 0.000 0.000 0.000 0.000 1.000]]
		[0.075 [-0.391 0.920 -0.010 0.000 -0.920 -0.391 0.005 0.000 0.001 0.011 1.000 0.000 0.000 0.000 0.000 1.000]]
		[0.1 [-0.255 0.967 -0.011 0.000 -0.967 -0.255 0.004 0.000 0.001 0.011 1.000 0.000 0.000 0.000 0.000 1.000]]
		[0.125 [0.066 0.998 -0.011 0.000 -0.998 0.066 0.000 0.000 0.001 0.011 1.000 0.000 0.000 0.000 0.000 1.000]]
		[0.15 [0.431 0.902 -0.011 0.000 -0.902 0.431 -0.004 0.000 0.001 0.011 1.000 0.000 0.000 0.000 0.000 1.000]]
		[0.175 [0.693 0.721 -0.009 0.000 -0.721 0.693 -0.007 0.000 0.001 0.011 1.000 0.000 0.000 0.000 0.000 1.000]]
		[0.2 [0.873 0.488 -0.006 0.000 -0.488 0.873 -0.009 0.000 0.001 0.011 1.000 0.000 0.000 0.000 0.000 1.000]]
		[0.225 [0.972 0.235 -0.003 0.000 -0.235 0.972 -0.011 0.000 0.001 0.011 1.000 0.000 0.000 0.000 0.000 1.000]]
		[0.25 [0.999 0.032 -0.001 0.000 -0.032 0.999 -0.011 0.000 0.001 0.011 1.000 0.000 0.000 0.000 0.000 1.000]]
		[0.275 [0.997 -0.083 0.000 0.000 0.083 0.997 -0.011 0.000 0.001 0.011 1.000 0.000 0.000 0.000 0.000 1.000]]
		[0.3 [0.991 -0.131 0.001 0.000 0.131 0.991 -0.011 0.000 0.001 0.011 1.000 0.000 0.000 0.000 0.000 1.000]]
		[0.325 [0.990 -0.142 0.001 0.000 0.142 0.990 -0.011 0.000 0.001 0.011 1.000 0.000 0.000 0.000 0.000 1.000]]
		[0.35 [0.990 -0.141 0.001 0.000 0.141 0.990 -0.011 0.000 0.001 0.011 1.000 0.000 0.000 0.000 0.000 1.000]]
		[0.375 [0.993 -0.120 0.001 0.000 0.120 0.993 -0.011 0.000 0.001 0.011 1.000 0.000 0.000 0.000 0.000 1.000]]
		[0.4 [0.999 -0.053 0.000 0.000 0.053 0.999 -0.011 0.000 0.001 0.011 1.000 0.000 0.000 0.000 0.000 1.000]]
		[0.425 [0.996 0.094 -0.002 0.000 -0.094 0.996 -0.011 0.000 0.001 0.011 1.000 0.000 0.000 0.000 0.000 1.000]]
		[0.45 [0.940 0.341 -0.005 0.000 -0.341 0.940 -0.010 0.000 0.001 0.011 1.000 0.000 0.000 0.000 0.000 1.000]]
		[0.475 [0.798 0.602 -0.007 0.000 -0.602 0.798 -0.009 0.000 0.001 0.011 1.000 0.000 0.000 0.000 0.000 1.000]]
		[0.5 [0.618 0.786 -0.009 0.000 -0.786 0.618 -0.006 0.000 0.001 0.011 1.000 0.000 0.000 0.000 0.000 1.000]]
		[0.525 [0.455 0.890 -0.010 0.000 -0.890 0.455 -0.004 0.000 0.001 0.011 1.000 0.000 0.000 0.000 0.000 1.000]]
		[0.55 [0.305 0.952 -0.011 0.000 -0.952 0.305 -0.003 0.000 0.001 0.011 1.000 0.000 0.000 0.000 0.000 1.000]]
		[0.575 [0.178 0.984 -0.011 0.000 -0.984 0.178 -0.001 0.000 0.001 0.011 1.000 0.000 0.000 0.000 0.000 1.000]]
		[0.6 [0.085 0.996 -0.011 0.000 -0.996 0.085 0.000 0.000 0.001 0.011 1.000 0.000 0.000 0.000 0.000 1.000]]
		[0.625 [0.033 0.999 -0.011 0.000 -0.999 0.034 0.000 0.000 0.001 0.011 1.000 0.000 0.000 0.000 0.000 1.000]]
		[0.65 [-0.003 1.000 -0.011 0.000 -1.000 -0.003 0.001 0.000 0.001 0.011 1.000 0.000 0.000 0.000 0.000 1.000]]
		[0.675 [-0.032 0.999 -0.011 0.000 -0.999 -0.032 0.001 0.000 0.001 0.011 1.000 0.000 0.000 0.000 0.000 1.000]]
		[0.7 [-0.032 0.999 -0.011 0.000 -0.999 -0.032 0.001 0.000 0.001 0.011 1.000 0.000 0.000 0.000 0.000 1.000]]
		[0.725 [-0.032 0.999 -0.011 0.000 -0.999 -0.032 0.001 0.000 0.001 0.011 1.000 0.000 0.000 0.000 0.000 1.000]]
		[0.75 [-0.032 0.999 -0.011 0.000 -0.999 -0.032 0.001 0.000 0.001 0.011 1.000 0.000 0.000 0.000 0.000 1.000]]
		[0.775 [-0.032 0.999 -0.011 0.000 -0.999 -0.032 0.001 0.000 0.001 0.011 1.000 0.000 0.000 0.000 0.000 1.000]]
		[0.8 [-0.032 0.999 -0.011 0.000 -0.999 -0.032 0.001 0.000 0.001 0.011 1.000 0.000 0.000 0.000 0.000 1.000]]
		[0.825 [-0.032 0.999 -0.011 0.000 -0.999 -0.032 0.001 0.000 0.001 0.011 1.000 0.000 0.000 0.000 0.000 1.000]]
		[0.85 [-0.032 0.999 -0.011 0.000 -0.999 -0.032 0.001 0.000 0.001 0.011 1.000 0.000 0.000 0.000 0.000 1.000]]
		[0.875 [-0.032 0.999 -0.011 0.000 -0.999 -0.032 0.001 0.000 0.001 0.011 1.000 0.000 0.000 0.000 0.000 1.000]]
		[0.9 [-0.032 0.999 -0.011 0.000 -0.999 -0.032 0.001 0.000 0.001 0.011 1.000 0.000 0.000 0.000 0.000 1.000]]
		[0.925 [-0.032 0.999 -0.011 0.000 -0.999 -0.032 0.001 0.000 0.001 0.011 1.000 0.000 0.000 0.000 0.000 1.000]]
		[0.95 [-0.032 0.999 -0.011 0.000 -0.999 -0.032 0.001 0.000 0.001 0.011 1.000 0.000 0.000 0.000 0.000 1.000]]
		[0.975 [-0.032 0.999 -0.011 0.000 -0.999 -0.032 0.001 0.000 0.001 0.011 1.000 0.000 0.000 0.000 0.000 1.000]]
	]
	"Koleno_L_end" [
		[0 [1.000 0.000 0.000 0.000 0.000 1.000 0.000 0.000 0.000 0.000 1.000 0.000 0.000 0.000 0.000 1.000]]
	]
	"Bedro_P" [
		[0 [0.912 -0.410 -0.013 0.000 0.411 0.911 0.024 0.000 0.002 -0.027 1.000 0.000 0.000 0.000 0.000 1.000]]
		[0.025 [0.883 -0.469 -0.014 0.000 0.470 0.883 0.023 0.000 0.002 -0.027 1.000 0.000 0.000 0.000 0.000 1.000]]
		[0.05 [0.841 -0.541 -0.016 0.000 0.541 0.841 0.021 0.000 0.002 -0.027 1.000 0.000 0.000 0.000 0.000 1.000]]
		[0.075 [0.791 -0.611 -0.018 0.000 0.612 0.791 0.020 0.000 0.002 -0.027 1.000 0.000 0.000 0.000 0.000 1.000]]
		[0.1 [0.743 -0.669 -0.019 0.000 0.669 0.743 0.019 0.000 0.002 -0.027 1.000 0.000 0.000 0.000 0.000 1.000]]
		[0.125 [0.709 -0.705 -0.020 0.000 0.705 0.708 0.018 0.000 0.002 -0.027 1.000 0.000 0.000 0.000 0.000 1.000]]
		[0.15 [0.701 -0.713 -0.021 0.000 0.713 0.701 0.017 0.000 0.002 -0.027 1.000 0.000 0.000 0.000 0.000 1.000]]
		[0.175 [0.732 -0.682 -0.020 0.000 0.682 0.731 0.018 0.000 0.002 -0.027 1.000 0.000 0.000 0.000 0.000 1.000]]
		[0.2 [0.802 -0.598 -0.018 0.000 0.598 0.801 0.020 0.000 0.002 -0.027 1.000 0.000 0.000 0.000 0.000 1.000]]
		[0.225 [0.886 -0.463 -0.014 0.000 0.463 0.886 0.023 0.000 0.002 -0.027 1.000 0.000 0.000 0.000 0.000 1.000]]
		[0.25 [0.958 -0.288 -0.010 0.000 0.288 0.957 0.025 0.000 0.002 -0.027 1.000 0.000 0.000 0.000 0.000 1.000]]
		[0.275 [0.995 -0.095 -0.005 0.000 0.095 0.995 0.027 0.000 0.002 -0.027 1.000 0.000 0.000 0.000 0.000 1.000]]
		[0.3 [0.996 0.088 0.000 0.000 -0.088 0.996 0.027 0.000 0.002 -0.027 1.000 0.000 0.000 0.000 0.000 1.000]]
		[0.325 [0.972 0.234 0.004 0.000 -0.234 0.972 0.027 0.000 0.002 -0.027 1.000 0.000 0.000 0.000 0.000 1.000]]
		[0.35 [0.942 0.335 0.007 0.000 -0.335 0.942 0.026 0.000 0.002 -0.027 1.000 0.000 0.000 0.000 0.000 1.000]]
		[0.375 [0.910 0.415 0.009 0.000 -0.415 0.910 0.025 0.000 0.002 -0.027 1.000 0.000 0.000 0.000 0.000 1.000]]
		[0.4 [0.878 0.478 0.011 0.000 -0.478 0.878 0.025 0.000 0.002 -0.027 1.000 0.000 0.000 0.000 0.000 1.000]]
		[0.425 [0.851 0.525 0.012 0.000 -0.526 0.850 0.024 0.000 0.002 -0.027 1.000 0.000 0.000 0.000 0.000 1.000]]
		[0.45 [0.829 0.558 0.013 0.000 -0.559 0.829 0.023 0.000 0.002 -0.027 1.000 0.000 0.000 0.000 0.000 1.000]]
		[0.475 [0.816 0.578 0.014 0.000 -0.578 0.816 0.023 0.000 0.002 -0.027 1.000 0.000 0.000 0.000 0.000 1.000]]
		[0.5 [0.812 0.584 0.014 0.000 -0.584 0.811 0.023 0.000 0.002 -0.027 1.000 0.000 0.000 0.000 0.000 1.000]]
		[0.525 [0.814 0.580 0.014 0.000 -0.580 0.814 0.023 0.000 0.002 -0.027 1.000 0.000 0.000 0.000 0.000 1.000]]
		[0.55 [0.833 0.553 0.013 0.000 -0.553 0.833 0.023 0.000 0.002 -0.027 1.000 0.000 0.000 0.000 0.000 1.000]]
		[0.575 [0.879 0.477 0.011 0.000 -0.477 0.879 0.025 0.000 0.002 -0.027 1.000 0.000 0.000 0.000 0.000 1.000]]
		[0.6 [0.949 0.314 0.007 0.000 -0.314 0.949 0.026 0.000 0.002 -0.027 1.000 0.000 0.000 0.000 0.000 1.000]]
		[0.625 [0.998 0.057 0.000 0.000 -0.057 0.998 0.027 0.000 0.002 -0.027 1.000 0.000 0.000 0.000 0.000 1.000]]
		[0.65 [0.972 -0.235 -0.008 0.000 0.235 0.972 0.026 0.000 0.002 -0.027 1.000 0.000 0.000 0.000 0.000 1.000]]
		[0.675 [0.912 -0.410 -0.013 0.000 0.411 0.911 0.024 0.000 0.002 -0.027 1.000 0.000 0.000 0.000 0.000 1.000]]
		[0.7 [0.912 -0.410 -0.013 0.000 0.411 0.911 0.024 0.000 0.002 -0.027 1.000 0.000 0.000 0.000 0.000 1.000]]
		[0.725 [0.912 -0.410 -0.013 0.000 0.411 0.911 0.024 0.000 0.002 -0.027 1.000 0.000 0.000 0.000 0.000 1.000]]
		[0.75 [0.912 -0.410 -0.013 0.000 0.411 0.911 0.024 0.000 0.002 -0.027 1.000 0.000 0.000 0.000 0.000 1.000]]
		[0.775 [0.912 -0.410 -0.013 0.000 0.411 0.911 0.024 0.000 0.002 -0.027 1.000 0.000 0.000 0.000 0.000 1.000]]
		[0.8 [0.912 -0.410 -0.013 0.000 0.411 0.911 0.024 0.000 0.002 -0.027 1.000 0.000 0.000 0.000 0.000 1.000]]
		[0.825 [0.912 -0.410 -0.013 0.000 0.411 0.911 0.024 0.000 0.002 -0.027 1.000 0.000 0.000 0.000 0.000 1.000]]
		[0.85 [0.912 -0.410 -0.013 0.000 0.411 0.911 0.024 0.000 0.002 -0.027 1.000 0.000 0.000 0.000 0.000 1.000]]
		[0.875 [0.912 -0.410 -0.013 0.000 0.411 0.911 0.024 0.000 0.002 -0.027 1.000 0.000 0.000 0.000 0.000 1.000]]
		[0.9 [0.912 -0.410 -0.013 0.000 0.411 0.911 0.024 0.000 0.002 -0.027 1.000 0.000 0.000 0.000 0.000 1.000]]
		[0.925 [0.912 -0.410 -0.013 0.000 0.411 0.911 0.024 0.000 0.002 -0.027 1.000 0.000 0.000 0.000 0.000 1.000]]
		[0.95 [0.912 -0.410 -0.013 0.000 0.411 0.911 0.024 0.000 0.002 -0.027 1.000 0.000 0.000 0.000 0.000 1.000]]
		[0.975 [0.912 -0.410 -0.013 0.000 0.411 0.911 0.024 0.000 0.002 -0.027 1.000 0.000 0.000 0.000 0.000 1.000]]
	]
	"Koleno_P" [
		[0 [0.990 -0.142 0.005 0.000 0.142 0.990 0.012 0.000 -0.007 -0.011 1.000 0.000 0.000 0.000 0.000 1.000]]
		[0.025 [0.994 -0.112 0.006 0.000 0.112 0.994 0.011 0.000 -0.007 -0.011 1.000 0.000 0.000 0.000 0.000 1.000]]
		[0.05 [0.996 -0.088 0.006 0.000 0.088 0.996 0.011 0.000 -0.007 -0.011 1.000 0.000 0.000 0.000 0.000 1.000]]
		[0.075 [1.000 -0.014 0.007 0.000 0.014 1.000 0.011 0.000 -0.007 -0.011 1.000 0.000 0.000 0.000 0.000 1.000]]
		[0.1 [0.986 0.167 0.008 0.000 -0.167 0.986 0.009 0.000 -0.007 -0.011 1.000 0.000 0.000 0.000 0.000 1.000]]
		[0.125 [0.902 0.432 0.011 0.000 -0.432 0.902 0.007 0.000 -0.007 -0.011 1.000 0.000 0.000 0.000 0.000 1.000]]
		[0.15 [0.738 0.675 0.012 0.000 -0.675 0.738 0.003 0.000 -0.007 -0.011 1.000 0.000 0.000 0.000 0.000 1.000]]
		[0.175 [0.562 0.827 0.013 0.000 -0.827 0.562 0.000 0.000 -0.007 -0.011 1.000 0.000 0.000 0.000 0.000 1.000]]
		[0.2 [0.403 0.915 0.013 0.000 -0.915 0.403 -0.002 0.000 -0.007 -0.011 1.000 0.000 0.000 0.000 0.000 1.000]]
		[0.225 [0.260 0.966 0.012 0.000 -0.966 0.260 -0.004 0.000 -0.007 -0.011 1.000 0.000 0.000 0.000 0.000 1.000]]
		[0.25 [0.142 0.990 0.012 0.000 -0.990 0.142 -0.005 0.000 -0.007 -0.011 1.000 0.000 0.000 0.000 0.000 1.000]]
		[0.275 [0.070 0.997 0.011 0.000 -0.998 0.070 -0.006 0.000 -0.007 -0.011 1.000 0.000 0.000 0.000 0.000 1.000]]
		[0.3 [0.034 0.999 0.011 0.000 -0.999 0.034 -0.006 0.000 -0.007 -0.011 1.000 0.000 0.000 0.000 0.000 1.000]]
		[0.325 [-0.008 1.000 0.011 0.000 -1.000 -0.008 -0.007 0.000 -0.007 -0.011 1.000 0.000 0.000 0.000 0.000 1.000]]
		[0.35 [-0.113 0.994 0.010 0.000 -0.994 -0.113 -0.008 0.000 -0.007 -0.011 1.000 0.000 0.000 0.000 0.000 1.000]]
		[0.375 [-0.279 0.960 0.008 0.000 -0.960 -0.279 -0.009 0.000 -0.007 -0.011 1.000 0.000 0.000 0.000 0.000 1.000]]
		[0.4 [-0.387 0.922 0.007 0.000 -0.922 -0.387 -0.010 0.000 -0.007 -0.011 1.000 0.000 0.000 0.000 0.000 1.000]]
		[0.425 [-0.325 0.946 0.008 0.000 -0.946 -0.325 -0.010 0.000 -0.007 -0.011 1.000 0.000 0.000 0.000 0.000 1.000]]
		[0.45 [-0.054 0.998 0.010 0.000 -0.999 -0.054 -0.007 0.000 -0.007 -0.011 1.000 0.000 0.000 0.000 0.000 1.000]]
		[0.475 [0.315 0.949 0.012 0.000 -0.949 0.315 -0.003 0.000 -0.007 -0.011 1.000 0.000 0.000 0.000 0.000 1.000]]
		[0.5 [0.618 0.786 0.013 0.000 -0.786 0.618 0.001 0.000 -0.007 -0.011 1.000 0.000 0.000 0.000 0.000 1.000]]
		[0.525 [0.821 0.571 0.012 0.000 -0.571 0.821 0.005 0.000 -0.007 -0.011 1.000 0.000 0.000 0.000 0.000 1.000]]
		[0.55 [0.948 0.317 0.010 0.000 -0.317 0.948 0.008 0.000 -0.007 -0.011 1.000 0.000 0.000 0.000 0.000 1.000]]
		[0.575 [0.996 0.090 0.008 0.000 -0.090 0.996 0.010 0.000 -0.007 -0.011 1.000 0.000 0.000 0.000 0.000 1.000]]
		[0.6 [0.999 -0.048 0.006 0.000 0.048 0.999 0.011 0.000 -0.007 -0.011 1.000 0.000 0.000 0.000 0.000 1.000]]
		[0.625 [0.995 -0.099 0.006 0.000 0.099 0.995 0.011 0.000 -0.007 -0.011 1.000 0.000 0.000 0.000 0.000 1.000]]
		[0.65 [0.993 -0.119 0.005 0.000 0.119 0.993 0.011 0.000 -0.007 -0.011 1.000 0.000 0.000 0.000 0.000 1.000]]
		[0.675 [0.990 -0.142 0.005 0.000 0.142 0.990 0.012 0.000 -0.007 -0.011 1.000 0.000 0.000 0.000 0.000 1.000]]
		[0.7 [0.990 -0.142 0.005 0.000 0.142 0.990 0.012 0.000 -0.007 -0.011 1.000 0.000 0.000 0.000 0.000 1.000]]
		[0.725 [0.990 -0.142 0.005 0.000 0.142 0.990 0.012 0.000 -0.007 -0.011 1.000 0.000 0.000 0.000 0.000 1.000]]
		[0.75 [0.990 -0.142 0.005 0.000 0.142 0.990 0.012 0.000 -0.007 -0.011 1.000 0.000 0.000 0.000 0.000 1.000]]
		[0.775 [0.990 -0.142 0.005 0.000 0.142 0.990 0.012 0.000 -0.007 -0.011 1.000 0.000 0.000 0.000 0.000 1.000]]
		[0.8 [0.990 -0.142 0.005 0.000 0.142 0.990 0.012 0.000 -0.007 -0.011 1.000 0.000 0.000 0.000 0.000 1.000]]
		[0.825 [0.990 -0.142 0.005 0.000 0.142 0.990 0.012 0.000 -0.007 -0.011 1.000 0.000 0.000 0.000 0.000 1.000]]
		[0.85 [0.990 -0.142 0.005 0.000 0.142 0.990 0.012 0.000 -0.007 -0.011 1.000 0.000 0.000 0.000 0.000 1.000]]
		[0.875 [0.990 -0.142 0.005 0.000 0.142 0.990 0.012 0.000 -0.007 -0.011 1.000 0.000 0.000 0.000 0.000 1.000]]
		[0.9 [0.990 -0.142 0.005 0.000 0.142 0.990 0.012 0.000 -0.007 -0.011 1.000 0.000 0.000 0.000 0.000 1.000]]
		[0.925 [0.990 -0.142 0.005 0.000 0.142 0.990 0.012 0.000 -0.007 -0.011 1.000 0.000 0.000 0.000 0.000 1.000]]
		[0.95 [0.990 -0.142 0.005 0.000 0.142 0.990 0.012 0.000 -0.007 -0.011 1.000 0.000 0.000 0.000 0.000 1.000]]
		[0.975 [0.990 -0.142 0.005 0.000 0.142 0.990 0.012 0.000 -0.007 -0.011 1.000 0.000 0.000 0.000 0.000 1.000]]
	]
	"Koleno_P_end" [
		[0 [1.000 0.000 0.000 0.000 0.000 1.000 0.000 0.000 0.000 0.000 1.000 0.000 0.000 0.000 0.000 1.000]]
	]
	"Tors" [
		[0 [1.000 0.000 0.000 0.000 0.000 0.766 -0.643 0.000 0.000 0.643 0.766 0.000 0.000 0.000 0.000 1.000]]
		[0.025 [0.999 0.011 0.050 0.000 0.023 0.766 -0.642 0.000 -0.045 0.643 0.765 0.000 0.000 0.000 0.000 1.000]]
		[0.05 [0.994 0.024 0.106 0.000 0.050 0.766 -0.641 0.000 -0.097 0.643 0.760 0.000 0.000 0.000 0.000 1.000]]
		[0.075 [0.986 0.038 0.164 0.000 0.077 0.765 -0.639 0.000 -0.149 0.643 0.751 0.000 0.000 0.000 0.000 1.000]]
		[0.1 [0.975 0.050 0.216 0.000 0.102 0.764 -0.637 0.000 -0.197 0.643 0.740 0.000 0.000 0.000 0.000 1.000]]
		[0.125 [0.964 0.059 0.257 0.000 0.122 0.764 -0.634 0.000 -0.234 0.643 0.729 0.000 0.000 0.000 0.000 1.000]]
		[0.15 [0.957 0.065 0.283 0.000 0.135 0.763 -0.632 0.000 -0.257 0.643 0.722 0.000 0.000 0.000 0.000 1.000]]
		[0.175 [0.956 0.066 0.287 0.000 0.136 0.763 -0.632 0.000 -0.261 0.643 0.720 0.000 0.000 0.000 0.000 1.000]]
		[0.2 [0.961 0.062 0.268 0.000 0.127 0.764 -0.633 0.000 -0.244 0.643 0.726 0.000 0.000 0.000 0.000 1.000]]
		[0.225 [0.971 0.053 0.231 0.000 0.109 0.764 -0.636 0.000 -0.211 0.643 0.737 0.000 0.000 0.000 0.000 1.000]]
		[0.25 [0.982 0.042 0.182 0.000 0.086 0.765 -0.638 0.000 -0.166 0.643 0.748 0.000 0.000 0.000 0.000 1.000]]
		[0.275 [0.992 0.029 0.125 0.000 0.059 0.766 -0.641 0.000 -0.114 0.643 0.757 0.000 0.000 0.000 0.000 1.000]]
		[0.3 [0.998 0.016 0.068 0.000 0.032 0.766 -0.642 0.000 -0.062 0.643 0.764 0.000 0.000 0.000 0.000 1.000]]
		[0.325 [1.000 0.004 0.016 0.000 0.007 0.766 -0.643 0.000 -0.014 0.643 0.766 0.000 0.000 0.000 0.000 1.000]]
		[0.35 [0.999 -0.007 -0.032 0.000 -0.015 0.766 -0.643 0.000 0.029 0.643 0.765 0.000 0.000 0.000 0.000 1.000]]
		[0.375 [0.996 -0.020 -0.087 0.000 -0.041 0.766 -0.642 0.000 0.079 0.643 0.762 0.000 0.000 0.000 0.000 1.000]]
		[0.4 [0.989 -0.033 -0.145 0.000 -0.068 0.765 -0.640 0.000 0.132 0.643 0.755 0.000 0.000 0.000 0.000 1.000]]
		[0.425 [0.979 -0.046 -0.199 0.000 -0.094 0.765 -0.638 0.000 0.182 0.643 0.744 0.000 0.000 0.000 0.000 1.000]]
		[0.45 [0.968 -0.057 -0.245 0.000 -0.116 0.764 -0.635 0.000 0.223 0.643 0.733 0.000 0.000 0.000 0.000 1.000]]
		[0.475 [0.959 -0.064 -0.276 0.000 -0.131 0.763 -0.632 0.000 0.252 0.643 0.724 0.000 0.000 0.000 0.000 1.000]]
		[0.5 [0.955 -0.067 -0.288 0.000 -0.137 0.763 -0.632 0.000 0.262 0.643 0.720 0.000 0.000 0.000 0.000 1.000]]
		[0.525 [0.959 -0.064 -0.276 0.000 -0.131 0.763 -0.632 0.000 0.252 0.643 0.724 0.000 0.000 0.000 0.000 1.000]]
		[0.55 [0.968 -0.057 -0.245 0.000 -0.116 0.764 -0.635 0.000 0.223 0.643 0.733 0.000 0.000 0.000 0.000 1.000]]
		[0.575 [0.979 -0.046 -0.199 0.000 -0.094 0.765 -0.638 0.000 0.182 0.643 0.744 0.000 0.000 0.000 0.000 1.000]]
		[0.6 [0.989 -0.033 -0.145 0.000 -0.068 0.765 -0.640 0.000 0.132 0.643 0.755 0.000 0.000 0.000 0.000 1.000]]
		[0.625 [0.996 -0.020 -0.087 0.000 -0.041 0.766 -0.642 0.000 0.079 0.643 0.762 0.000 0.000 0.000 0.000 1.000]]
		[0.65 [0.999 -0.007 -0.032 0.000 -0.015 0.766 -0.643 0.000 0.029 0.643 0.765 0.000 0.000 0.000 0.000 1.000]]
		[0.675 [1.000 0.000 0.000 0.000 0.000 0.766 -0.643 0.000 0.000 0.643 0.766 0.000 0.000 0.000 0.000 1.000]]
		[0.7 [1.000 0.000 0.000 0.000 0.000 0.766 -0.643 0.000 0.000 0.643 0.766 0.000 0.000 0.000 0.000 1.000]]
		[0.725 [1.000 0.000 0.000 0.000 0.000 0.766 -0.643 0.000 0.000 0.643 0.766 0.000 0.000 0.000 0.000 1.000]]
		[0.75 [1.000 0.000 0.000 0.000 0.000 0.766 -0.643 0.000 0.000 0.643 0.766 0.000 0.000 0.000 0.000 1.000]]
		[0.775 [1.000 0.000 0.000 0.000 0.000 0.766 -0.643 0.000 0.000 0.643 0.766 0.000 0.000 0.000 0.000 1.000]]
		[0.8 [1.000 0.000 0.000 0.000 0.000 0.766 -0.643 0.000 0.000 0.643 0.766 0.000 0.000 0.000 0.000 1.000]]
		[0.825 [1.000 0.000 0.000 0.000 0.000 0.766 -0.643 0.000 0.000 0.643 0.766 0.000 0.000 0.000 0.000 1.000]]
		[0.85 [1.000 0.000 0.000 0.000 0.000 0.766 -0.643 0.000 0.000 0.643 0.766 0.000 0.000 0.000 0.000 1.000]]
		[0.875 [1.000 0.000 0.000 0.000 0.000 0.766 -0.643 0.000 0.000 0.643 0.766 0.000 0.000 0.000 0.000 1.000]]
		[0.9 [1.000 0.000 0.000 0.000 0.000 0.766 -0.643 0.000 0.000 0.643 0.766 0.000 0.000 0.000 0.000 1.000]]
		[0.925 [1.000 0.000 0.000 0.000 0.000 0.766 -0.643 0.000 0.000 0.643 0.766 0.000 0.000 0.000 0.000 1.000]]
		[0.95 [1.000 0.000 0.000 0.000 0.000 0.766 -0.643 0.000 0.000 0.643 0.766 0.000 0.000 0.000 0.000 1.000]]
		[0.975 [1.000 0.000 0.000 0.000 0.000 0.766 -0.643 0.000 0.000 0.643 0.766 0.000 0.000 0.000 0.000 1.000]]
	]
	"Golova" [
		[0 [1.000 0.000 0.000 0.000 0.000 0.940 0.342 0.000 0.000 -0.342 0.940 0.000 0.000 0.000 0.000 1.000]]
	]
	"Golova_end" [
		[0 [1.000 0.000 0.000 0.000 0.000 1.000 0.000 0.000 0.000 0.000 1.000 0.000 0.000 0.000 0.000 1.000]]
	]
	"Kluchitsa_L" [
		[0 [1.000 0.000 0.000 0.000 0.000 1.000 0.000 0.000 0.000 0.000 1.000 0.000 0.000 0.000 0.000 1.000]]
	]
	"Kluchitsa_L_end" [
		[0 [1.000 0.000 0.000 0.000 0.000 1.000 0.000 0.000 0.000 0.000 1.000 0.000 0.000 0.000 0.000 1.000]]
	]
	"Kluchitsa_P" [
		[0 [1.000 0.000 0.000 0.000 0.000 1.000 0.000 0.000 0.000 0.000 1.000 0.000 0.000 0.000 0.000 1.000]]
	]
	"Kluchitsa_P_end" [
		[0 [1.000 0.000 0.000 0.000 0.000 1.000 0.000 0.000 0.000 0.000 1.000 0.000 0.000 0.000 0.000 1.000]]
	]
	"Ruka_L" [
		[0 [0.771 -0.618 -0.153 0.000 0.617 0.785 -0.059 0.000 0.157 -0.049 0.986 0.000 0.000 0.000 0.000 1.000]]
		[0.025 [0.793 -0.598 -0.119 0.000 0.600 0.800 -0.026 0.000 0.110 -0.051 0.993 0.000 0.000 0.000 0.000 1.000]]
		[0.05 [0.812 -0.577 -0.082 0.000 0.580 0.815 0.008 0.000 0.062 -0.054 0.997 0.000 0.000 0.000 0.000 1.000]]
		[0.075 [0.830 -0.556 -0.044 0.000 0.558 0.829 0.041 0.000 0.013 -0.059 0.998 0.000 0.000 0.000 0.000 1.000]]
		[0.1 [0.845 -0.535 -0.006 0.000 0.534 0.842 0.073 0.000 -0.034 -0.065 0.997 0.000 0.000 0.000 0.000 1.000]]
		[0.125 [0.856 -0.516 0.031 0.000 0.510 0.854 0.101 0.000 -0.079 -0.071 0.994 0.000 0.000 0.000 0.000 1.000]]
		[0.15 [0.865 -0.498 0.065 0.000 0.488 0.864 0.126 0.000 -0.119 -0.078 0.990 0.000 0.000 0.000 0.000 1.000]]
		[0.175 [0.871 -0.482 0.094 0.000 0.467 0.872 0.147 0.000 -0.152 -0.084 0.985 0.000 0.000 0.000 0.000 1.000]]
		[0.2 [0.874 -0.472 0.114 0.000 0.452 0.877 0.161 0.000 -0.176 -0.089 0.980 0.000 0.000 0.000 0.000 1.000]]
		[0.225 [0.876 -0.464 0.129 0.000 0.442 0.881 0.170 0.000 -0.192 -0.092 0.977 0.000 0.000 0.000 0.000 1.000]]
		[0.25 [0.878 -0.458 0.141 0.000 0.433 0.884 0.178 0.000 -0.206 -0.095 0.974 0.000 0.000 0.000 0.000 1.000]]
		[0.275 [0.879 -0.451 0.154 0.000 0.423 0.887 0.186 0.000 -0.221 -0.099 0.970 0.000 0.000 0.000 0.000 1.000]]
		[0.3 [0.880 -0.442 0.173 0.000 0.408 0.891 0.198 0.000 -0.241 -0.104 0.965 0.000 0.000 0.000 0.000 1.000]]
		[0.325 [0.882 -0.427 0.201 0.000 0.386 0.897 0.215 0.000 -0.272 -0.112 0.956 0.000 0.000 0.000 0.000 1.000]]
		[0.35 [0.881 -0.404 0.247 0.000 0.348 0.906 0.240 0.000 -0.321 -0.126 0.939 0.000 0.000 0.000 0.000 1.000]]
		[0.375 [0.873 -0.369 0.319 0.000 0.286 0.917 0.277 0.000 -0.395 -0.150 0.906 0.000 0.000 0.000 0.000 1.000]]
		[0.4 [0.854 -0.328 0.405 0.000 0.207 0.927 0.313 0.000 -0.478 -0.183 0.859 0.000 0.000 0.000 0.000 1.000]]
		[0.425 [0.824 -0.289 0.488 0.000 0.125 0.932 0.341 0.000 -0.553 -0.220 0.804 0.000 0.000 0.000 0.000 1.000]]
		[0.45 [0.791 -0.260 0.554 0.000 0.056 0.932 0.357 0.000 -0.609 -0.252 0.752 0.000 0.000 0.000 0.000 1.000]]
		[0.475 [0.769 -0.243 0.591 0.000 0.015 0.931 0.364 0.000 -0.639 -0.271 0.720 0.000 0.000 0.000 0.000 1.000]]
		[0.5 [0.770 -0.244 0.589 0.000 0.017 0.931 0.364 0.000 -0.637 -0.270 0.722 0.000 0.000 0.000 0.000 1.000]]
		[0.525 [0.798 -0.266 0.541 0.000 0.070 0.932 0.355 0.000 -0.598 -0.245 0.763 0.000 0.000 0.000 0.000 1.000]]
		[0.55 [0.838 -0.306 0.452 0.000 0.162 0.930 0.330 0.000 -0.521 -0.203 0.829 0.000 0.000 0.000 0.000 1.000]]
		[0.575 [0.871 -0.363 0.331 0.000 0.275 0.919 0.282 0.000 -0.407 -0.155 0.900 0.000 0.000 0.000 0.000 1.000]]
		[0.6 [0.881 -0.432 0.191 0.000 0.393 0.895 0.209 0.000 -0.262 -0.109 0.959 0.000 0.000 0.000 0.000 1.000]]
		[0.625 [0.861 -0.506 0.048 0.000 0.499 0.859 0.114 0.000 -0.100 -0.074 0.992 0.000 0.000 0.000 0.000 1.000]]
		[0.65 [0.813 -0.577 -0.081 0.000 0.579 0.815 0.009 0.000 0.061 -0.054 0.997 0.000 0.000 0.000 0.000 1.000]]
		[0.675 [0.771 -0.618 -0.153 0.000 0.617 0.785 -0.059 0.000 0.157 -0.049 0.986 0.000 0.000 0.000 0.000 1.000]]
		[0.7 [0.771 -0.618 -0.153 0.000 0.617 0.785 -0.059 0.000 0.157 -0.049 0.986 0.000 0.000 0.000 0.000 1.000]]
		[0.725 [0.771 -0.618 -0.153 0.000 0.617 0.785 -0.059 0.000 0.157 -0.049 0.986 0.000 0.000 0.000 0.000 1.000]]
		[0.75 [0.771 -0.618 -0.153 0.000 0.617 0.785 -0.059 0.000 0.157 -0.049 0.986 0.000 0.000 0.000 0.000 1.000]]
		[0.775 [0.771 -0.618 -0.153 0.000 0.617 0.785 -0.059 0.000 0.157 -0.049 0.986 0.000 0.000 0.000 0.000 1.000]]
		[0.8 [0.771 -0.618 -0.153 0.000 0.617 0.785 -0.059 0.000 0.157 -0.049 0.986 0.000 0.000 0.000 0.000 1.000]]
		[0.825 [0.771 -0.618 -0.153 0.000 0.617 0.785 -0.059 0.000 0.157 -0.049 0.986 0.000 0.000 0.000 0.000 1.000]]
		[0.85 [0.771 -0.618 -0.153 0.000 0.617 0.785 -0.059 0.000 0.157 -0.049 0.986 0.000 0.000 0.000 0.000 1.000]]
		[0.875 [0.771 -0.618 -0.153 0.000 0.617 0.785 -0.059 0.000 0.157 -0.049 0.986 0.000 0.000 0.000 0.000 1.000]]
		[0.9 [0.771 -0.618 -0.153 0.000 0.617 0.785 -0.059 0.000 0.157 -0.049 0.986 0.000 0.000 0.000 0.000 1.000]]
		[0.925 [0.771 -0.618 -0.153 0.000 0.617 0.785 -0.059 0.000 0.157 -0.049 0.986 0.000 0.000 0.000 0.000 1.000]]
		[0.95 [0.771 -0.618 -0.153 0.000 0.617 0.785 -0.059 0.000 0.157 -0.049 0.986 0.000 0.000 0.000 0.000 1.000]]
		[0.975 [0.771 -0.618 -0.153 0.000 0.617 0.785 -0.059 0.000 0.157 -0.049 0.986 0.000 0.000 0.000 0.000 1.000]]
	]
	"Lokot_L" [
		[0 [0.773 0.635 0.008 0.000 -0.635 0.773 0.008 0.000 -0.001 -0.011 1.000 0.000 0.000 0.000 0.000 1.000]]
		[0.025 [0.775 0.632 0.008 0.000 -0.632 0.775 0.008 0.000 -0.001 -0.011 1.000 0.000 0.000 0.000 0.000 1.000]]
		[0.05 [0.781 0.624 0.008 0.000 -0.624 0.781 0.008 0.000 -0.001 -0.011 1.000 0.000 0.000 0.000 0.000 1.000]]
		[0.075 [0.790 0.613 0.008 0.000 -0.613 0.790 0.008 0.000 -0.001 -0.011 1.000 0.000 0.000 0.000 0.000 1.000]]
		[0.1 [0.800 0.600 0.007 0.000 -0.600 0.800 0.009 0.000 -0.001 -0.011 1.000 0.000 0.000 0.000 0.000 1.000]]
		[0.125 [0.810 0.586 0.007 0.000 -0.586 0.810 0.009 0.000 -0.001 -0.011 1.000 0.000 0.000 0.000 0.000 1.000]]
		[0.15 [0.820 0.573 0.007 0.000 -0.573 0.820 0.009 0.000 -0.001 -0.011 1.000 0.000 0.000 0.000 0.000 1.000]]
		[0.175 [0.827 0.562 0.007 0.000 -0.562 0.827 0.009 0.000 -0.001 -0.011 1.000 0.000 0.000 0.000 0.000 1.000]]
		[0.2 [0.832 0.554 0.007 0.000 -0.554 0.832 0.009 0.000 -0.001 -0.011 1.000 0.000 0.000 0.000 0.000 1.000]]
		[0.225 [0.834 0.552 0.007 0.000 -0.552 0.834 0.009 0.000 -0.001 -0.011 1.000 0.000 0.000 0.000 0.000 1.000]]
		[0.25 [0.831 0.556 0.007 0.000 -0.556 0.831 0.009 0.000 -0.001 -0.011 1.000 0.000 0.000 0.000 0.000 1.000]]
		[0.275 [0.823 0.568 0.007 0.000 -0.569 0.823 0.009 0.000 -0.001 -0.011 1.000 0.000 0.000 0.000 0.000 1.000]]
		[0.3 [0.807 0.590 0.007 0.000 -0.590 0.807 0.009 0.000 -0.001 -0.011 1.000 0.000 0.000 0.000 0.000 1.000]]
		[0.325 [0.783 0.621 0.008 0.000 -0.622 0.783 0.008 0.000 -0.001 -0.011 1.000 0.000 0.000 0.000 0.000 1.000]]
		[0.35 [0.741 0.671 0.008 0.000 -0.671 0.741 0.008 0.000 -0.001 -0.011 1.000 0.000 0.000 0.000 0.000 1.000]]
		[0.375 [0.663 0.749 0.009 0.000 -0.749 0.663 0.007 0.000 -0.001 -0.011 1.000 0.000 0.000 0.000 0.000 1.000]]
		[0.4 [0.554 0.833 0.010 0.000 -0.833 0.554 0.006 0.000 -0.001 -0.011 1.000 0.000 0.000 0.000 0.000 1.000]]
		[0.425 [0.429 0.903 0.011 0.000 -0.904 0.428 0.004 0.000 -0.001 -0.011 1.000 0.000 0.000 0.000 0.000 1.000]]
		[0.45 [0.309 0.951 0.011 0.000 -0.951 0.309 0.003 0.000 -0.001 -0.011 1.000 0.000 0.000 0.000 0.000 1.000]]
		[0.475 [0.219 0.976 0.011 0.000 -0.976 0.219 0.002 0.000 -0.001 -0.011 1.000 0.000 0.000 0.000 0.000 1.000]]
		[0.5 [0.184 0.983 0.011 0.000 -0.983 0.184 0.001 0.000 -0.001 -0.011 1.000 0.000 0.000 0.000 0.000 1.000]]
		[0.525 [0.212 0.977 0.011 0.000 -0.977 0.212 0.002 0.000 -0.001 -0.011 1.000 0.000 0.000 0.000 0.000 1.000]]
		[0.55 [0.288 0.958 0.011 0.000 -0.958 0.288 0.002 0.000 -0.001 -0.011 1.000 0.000 0.000 0.000 0.000 1.000]]
		[0.575 [0.393 0.919 0.011 0.000 -0.920 0.393 0.004 0.000 -0.001 -0.011 1.000 0.000 0.000 0.000 0.000 1.000]]
		[0.6 [0.511 0.859 0.010 0.000 -0.859 0.511 0.005 0.000 -0.001 -0.011 1.000 0.000 0.000 0.000 0.000 1.000]]
		[0.625 [0.625 0.780 0.009 0.000 -0.780 0.625 0.006 0.000 -0.001 -0.011 1.000 0.000 0.000 0.000 0.000 1.000]]
		[0.65 [0.722 0.692 0.008 0.000 -0.692 0.722 0.008 0.000 -0.001 -0.011 1.000 0.000 0.000 0.000 0.000 1.000]]
		[0.675 [0.773 0.635 0.008 0.000 -0.635 0.773 0.008 0.000 -0.001 -0.011 1.000 0.000 0.000 0.000 0.000 1.000]]
		[0.7 [0.773 0.635 0.008 0.000 -0.635 0.773 0.008 0.000 -0.001 -0.011 1.000 0.000 0.000 0.000 0.000 1.000]]
		[0.725 [0.773 0.635 0.008 0.000 -0.635 0.773 0.008 0.000 -0.001 -0.011 1.000 0.000 0.000 0.000 0.000 1.000]]
		[0.75 [0.773 0.635 0.008 0.000 -0.635 0.773 0.008 0.000 -0.001 -0.011 1.000 0.000 0.000 0.000 0.000 1.000]]
		[0.775 [0.773 0.635 0.008 0.000 -0.635 0.773 0.008 0.000 -0.001 -0.011 1.000 0.000 0.000 0.000 0.000 1.000]]
		[0.8 [0.773 0.635 0.008 0.000 -0.635 0.773 0.008 0.000 -0.001 -0.011 1.000 0.000 0.000 0.000 0.000 1.000]]
		[0.825 [0.773 0.635 0.008 0.000 -0.635 0.773 0.008 0.000 -0.001 -0.011 1.000 0.000 0.000 0.000 0.000 1.000]]
		[0.85 [0.773 0.635 0.008 0.000 -0.635 0.773 0.008 0.000 -0.001 -0.011 1.000 0.000 0.000 0.000 0.000 1.000]]
		[0.875 [0.773 0.635 0.008 0.000 -0.635 0.773 0.008 0.000 -0.001 -0.011 1.000 0.000 0.000 0.000 0.000 1.000]]
		[0.9 [0.773 0.635 0.008 0.000 -0.635 0.773 0.008 0.000 -0.001 -0.011 1.000 0.000 0.000 0.000 0.000 1.000]]
		[0.925 [0.773 0.635 0.008 0.000 -0.635 0.773 0.008 0.000 -0.001 -0.011 1.000 0.000 0.000 0.000 0.000 1.000]]
		[0.95 [0.773 0.635 0.008 0.000 -0.635 0.773 0.008 0.000 -0.001 -0.011 1.000 0.000 0.000 0.000 0.000 1.000]]
		[0.975 [0.773 0.635 0.008 0.000 -0.635 0.773 0.008 0.000 -0.001 -0.011 1.000 0.000 0.000 0.000 0.000 1.000]]
	]
	"Lokot_L_end" [
		[0 [1.000 0.000 0.000 0.000 0.000 1.000 0.000 0.000 0.000 0.000 1.000 0.000 0.000 0.000 0.000 1.000]]
	]
	"Cube.001" [
		[0 [1.000 0.000 0.000 0.000 0.000 1.000 0.000 0.000 0.000 0.000 1.000 0.000 0.000 0.000 0.000 1.000]]
	]
	"Ruka_P" [
		[0 [0.900 -0.421 -0.115 0.000 0.398 0.900 -0.179 0.000 0.179 0.115 0.977 0.000 0.000 0.000 0.000 1.000]]
		[0.025 [0.904 -0.387 -0.184 0.000 0.345 0.912 -0.223 0.000 0.254 0.138 0.957 0.000 0.000 0.000 0.000 1.000]]
		[0.05 [0.899 -0.346 -0.269 0.000 0.275 0.923 -0.269 0.000 0.341 0.168 0.925 0.000 0.000 0.000 0.000 1.000]]
		[0.075 [0.883 -0.306 -0.356 0.000 0.198 0.930 -0.309 0.000 0.426 0.203 0.882 0.000 0.000 0.000 0.000 1.000]]
		[0.1 [0.860 -0.273 -0.432 0.000 0.126 0.932 -0.339 0.000 0.495 0.237 0.836 0.000 0.000 0.000 0.000 1.000]]
		[0.125 [0.837 -0.250 -0.486 0.000 0.072 0.932 -0.356 0.000 0.542 0.263 0.798 0.000 0.000 0.000 0.000 1.000]]
		[0.15 [0.827 -0.241 -0.509 0.000 0.049 0.931 -0.362 0.000 0.561 0.274 0.781 0.000 0.000 0.000 0.000 1.000]]
		[0.175 [0.837 -0.250 -0.487 0.000 0.071 0.932 -0.356 0.000 0.543 0.263 0.797 0.000 0.000 0.000 0.000 1.000]]
		[0.2 [0.868 -0.284 -0.407 0.000 0.150 0.932 -0.330 0.000 0.473 0.225 0.852 0.000 0.000 0.000 0.000 1.000]]
		[0.225 [0.898 -0.342 -0.277 0.000 0.268 0.924 -0.273 0.000 0.350 0.171 0.921 0.000 0.000 0.000 0.000 1.000]]
		[0.25 [0.901 -0.417 -0.123 0.000 0.392 0.901 -0.184 0.000 0.188 0.118 0.975 0.000 0.000 0.000 0.000 1.000]]
		[0.275 [0.868 -0.496 0.028 0.000 0.496 0.865 -0.074 0.000 0.013 0.078 0.997 0.000 0.000 0.000 0.000 1.000]]
		[0.3 [0.812 -0.564 0.149 0.000 0.566 0.824 0.034 0.000 -0.141 0.057 0.988 0.000 0.000 0.000 0.000 1.000]]
		[0.325 [0.761 -0.609 0.224 0.000 0.601 0.791 0.111 0.000 -0.245 0.050 0.968 0.000 0.000 0.000 0.000 1.000]]
		[0.35 [0.740 -0.625 0.249 0.000 0.611 0.779 0.140 0.000 -0.282 0.048 0.958 0.000 0.000 0.000 0.000 1.000]]
		[0.375 [0.747 -0.620 0.241 0.000 0.608 0.783 0.131 0.000 -0.270 0.049 0.962 0.000 0.000 0.000 0.000 1.000]]
		[0.4 [0.772 -0.600 0.209 0.000 0.595 0.798 0.096 0.000 -0.224 0.051 0.973 0.000 0.000 0.000 0.000 1.000]]
		[0.425 [0.805 -0.571 0.161 0.000 0.572 0.819 0.046 0.000 -0.158 0.055 0.986 0.000 0.000 0.000 0.000 1.000]]
		[0.45 [0.836 -0.539 0.104 0.000 0.542 0.840 -0.008 0.000 -0.083 0.064 0.995 0.000 0.000 0.000 0.000 1.000]]
		[0.475 [0.860 -0.508 0.051 0.000 0.511 0.858 -0.056 0.000 -0.015 0.074 0.997 0.000 0.000 0.000 0.000 1.000]]
		[0.5 [0.873 -0.487 0.011 0.000 0.486 0.870 -0.088 0.000 0.033 0.082 0.996 0.000 0.000 0.000 0.000 1.000]]
		[0.525 [0.881 -0.473 -0.014 0.000 0.469 0.876 -0.107 0.000 0.063 0.088 0.994 0.000 0.000 0.000 0.000 1.000]]
		[0.55 [0.886 -0.462 -0.035 0.000 0.455 0.882 -0.123 0.000 0.088 0.093 0.992 0.000 0.000 0.000 0.000 1.000]]
		[0.575 [0.890 -0.453 -0.053 0.000 0.443 0.886 -0.137 0.000 0.109 0.098 0.989 0.000 0.000 0.000 0.000 1.000]]
		[0.6 [0.893 -0.444 -0.070 0.000 0.431 0.890 -0.148 0.000 0.128 0.102 0.986 0.000 0.000 0.000 0.000 1.000]]
		[0.625 [0.896 -0.436 -0.086 0.000 0.420 0.894 -0.160 0.000 0.146 0.107 0.983 0.000 0.000 0.000 0.000 1.000]]
		[0.65 [0.898 -0.427 -0.103 0.000 0.407 0.897 -0.171 0.000 0.165 0.112 0.980 0.000 0.000 0.000 0.000 1.000]]
		[0.675 [0.900 -0.421 -0.115 0.000 0.398 0.900 -0.179 0.000 0.179 0.115 0.977 0.000 0.000 0.000 0.000 1.000]]
		[0.7 [0.900 -0.421 -0.115 0.000 0.398 0.900 -0.179 0.000 0.179 0.115 0.977 0.000 0.000 0.000 0.000 1.000]]
		[0.725 [0.900 -0.421 -0.115 0.000 0.398 0.900 -0.179 0.000 0.179 0.115 0.977 0.000 0.000 0.000 0.000 1.000]]
