{ :name "AttackSpell" :length 2 :bones { 
	"Armature" [
		[0 [1.000 0.000 0.000 0.000 0.000 1.000 0.000 0.000 0.000 0.000 1.000 0.000 0.000 0.000 0.000 1.000]]
	]
	"Skelet" [
		[0 [1.000 0.000 0.000 0.000 0.000 1.000 0.000 0.000 0.000 0.000 1.000 0.000 0.000 0.001 0.000 1.000]]
	]
	"Bedro_L" [
		[0 [0.962 0.271 -0.009 0.000 -0.271 0.962 -0.025 0.000 0.002 0.027 1.000 0.000 0.000 -0.001 0.000 1.000]]
		[0.01666667 [0.965 0.262 -0.009 0.000 -0.263 0.965 -0.025 0.000 0.002 0.027 1.000 0.000 0.000 -0.001 0.000 1.000]]
		[0.03333334 [0.967 0.254 -0.009 0.000 -0.254 0.967 -0.025 0.000 0.002 0.027 1.000 0.000 0.000 -0.001 0.000 1.000]]
		[0.05 [0.970 0.244 -0.008 0.000 -0.244 0.969 -0.025 0.000 0.002 0.027 1.000 0.000 0.000 -0.001 0.000 1.000]]
		[0.06666667 [0.972 0.235 -0.008 0.000 -0.235 0.972 -0.025 0.000 0.002 0.027 1.000 0.000 0.000 -0.001 0.000 1.000]]
		[0.08333334 [0.974 0.225 -0.008 0.000 -0.225 0.974 -0.026 0.000 0.002 0.027 1.000 0.000 0.000 -0.001 0.000 1.000]]
		[0.1 [0.977 0.215 -0.008 0.000 -0.215 0.976 -0.026 0.000 0.002 0.027 1.000 0.000 0.000 -0.001 0.000 1.000]]
		[0.1166667 [0.979 0.205 -0.007 0.000 -0.205 0.978 -0.026 0.000 0.002 0.027 1.000 0.000 0.000 -0.001 0.000 1.000]]
		[0.1333333 [0.981 0.195 -0.007 0.000 -0.195 0.980 -0.026 0.000 0.002 0.027 1.000 0.000 0.000 -0.001 0.000 1.000]]
		[0.15 [0.983 0.185 -0.007 0.000 -0.185 0.982 -0.026 0.000 0.002 0.027 1.000 0.000 0.000 -0.001 0.000 1.000]]
		[0.1666667 [0.984 0.176 -0.007 0.000 -0.176 0.984 -0.026 0.000 0.002 0.027 1.000 0.000 0.000 -0.001 0.000 1.000]]
		[0.1833333 [0.986 0.166 -0.006 0.000 -0.166 0.986 -0.026 0.000 0.002 0.027 1.000 0.000 0.000 -0.001 0.000 1.000]]
		[0.2 [0.988 0.157 -0.006 0.000 -0.157 0.987 -0.026 0.000 0.002 0.027 1.000 0.000 0.000 -0.001 0.000 1.000]]
		[0.2166667 [0.989 0.148 -0.006 0.000 -0.148 0.989 -0.026 0.000 0.002 0.027 1.000 0.000 0.000 -0.001 0.000 1.000]]
		[0.2333333 [0.990 0.139 -0.006 0.000 -0.139 0.990 -0.026 0.000 0.002 0.027 1.000 0.000 0.000 -0.001 0.000 1.000]]
		[0.25 [0.991 0.131 -0.005 0.000 -0.131 0.991 -0.026 0.000 0.002 0.027 1.000 0.000 0.000 -0.001 0.000 1.000]]
		[0.2666667 [0.992 0.124 -0.005 0.000 -0.124 0.992 -0.026 0.000 0.002 0.027 1.000 0.000 0.000 -0.001 0.000 1.000]]
		[0.2833333 [0.993 0.117 -0.005 0.000 -0.117 0.993 -0.026 0.000 0.002 0.027 1.000 0.000 0.000 -0.001 0.000 1.000]]
		[0.3 [0.994 0.110 -0.005 0.000 -0.110 0.994 -0.026 0.000 0.002 0.027 1.000 0.000 0.000 -0.001 0.000 1.000]]
		[0.3166667 [0.994 0.105 -0.005 0.000 -0.105 0.994 -0.026 0.000 0.002 0.027 1.000 0.000 0.000 -0.001 0.000 1.000]]
		[0.3333333 [0.995 0.100 -0.005 0.000 -0.100 0.995 -0.026 0.000 0.002 0.027 1.000 0.000 0.000 -0.001 0.000 1.000]]
		[0.35 [0.995 0.095 -0.005 0.000 -0.095 0.995 -0.026 0.000 0.002 0.027 1.000 0.000 0.000 -0.001 0.000 1.000]]
		[0.3666667 [0.996 0.090 -0.004 0.000 -0.090 0.996 -0.026 0.000 0.002 0.027 1.000 0.000 0.000 -0.001 0.000 1.000]]
		[0.3833333 [0.996 0.084 -0.004 0.000 -0.084 0.996 -0.026 0.000 0.002 0.027 1.000 0.000 0.000 -0.001 0.000 1.000]]
		[0.4 [0.997 0.078 -0.004 0.000 -0.078 0.997 -0.026 0.000 0.002 0.027 1.000 0.000 0.000 -0.001 0.000 1.000]]
		[0.4166667 [0.997 0.071 -0.004 0.000 -0.072 0.997 -0.026 0.000 0.002 0.027 1.000 0.000 0.000 -0.001 0.000 1.000]]
		[0.4333333 [0.998 0.065 -0.004 0.000 -0.065 0.998 -0.027 0.000 0.002 0.027 1.000 0.000 0.000 -0.001 0.000 1.000]]
		[0.45 [0.998 0.059 -0.004 0.000 -0.059 0.998 -0.027 0.000 0.002 0.027 1.000 0.000 0.000 -0.001 0.000 1.000]]
		[0.4666667 [0.999 0.054 -0.003 0.000 -0.054 0.998 -0.027 0.000 0.002 0.027 1.000 0.000 0.000 -0.001 0.000 1.000]]
		[0.4833333 [0.999 0.049 -0.003 0.000 -0.049 0.998 -0.027 0.000 0.002 0.027 1.000 0.000 0.000 -0.001 0.000 1.000]]
		[0.5 [0.999 0.046 -0.003 0.000 -0.046 0.999 -0.027 0.000 0.002 0.027 1.000 0.000 0.000 -0.001 0.000 1.000]]
		[0.5166667 [0.999 0.043 -0.003 0.000 -0.043 0.999 -0.027 0.000 0.002 0.027 1.000 0.000 0.000 -0.001 0.000 1.000]]
		[0.5333334 [0.999 0.041 -0.003 0.000 -0.042 0.999 -0.027 0.000 0.002 0.027 1.000 0.000 0.000 -0.001 0.000 1.000]]
		[0.55 [0.999 0.042 -0.003 0.000 -0.042 0.999 -0.027 0.000 0.002 0.027 1.000 0.000 0.000 -0.001 0.000 1.000]]
		[0.5666667 [0.999 0.043 -0.003 0.000 -0.043 0.999 -0.027 0.000 0.002 0.027 1.000 0.000 0.000 -0.001 0.000 1.000]]
		[0.5833333 [0.999 0.047 -0.003 0.000 -0.047 0.999 -0.027 0.000 0.002 0.027 1.000 0.000 0.000 -0.001 0.000 1.000]]
		[0.6 [0.999 0.053 -0.003 0.000 -0.053 0.998 -0.027 0.000 0.002 0.027 1.000 0.000 0.000 -0.001 0.000 1.000]]
		[0.6166667 [0.998 0.061 -0.004 0.000 -0.061 0.998 -0.027 0.000 0.002 0.027 1.000 0.000 0.000 -0.001 0.000 1.000]]
		[0.6333333 [0.997 0.071 -0.004 0.000 -0.071 0.997 -0.026 0.000 0.002 0.027 1.000 0.000 0.000 -0.001 0.000 1.000]]
		[0.65 [0.996 0.084 -0.004 0.000 -0.084 0.996 -0.026 0.000 0.002 0.027 1.000 0.000 0.000 -0.001 0.000 1.000]]
		[0.6666667 [0.995 0.100 -0.005 0.000 -0.100 0.995 -0.026 0.000 0.002 0.027 1.000 0.000 0.000 -0.001 0.000 1.000]]
		[0.6833333 [0.993 0.120 -0.005 0.000 -0.120 0.992 -0.026 0.000 0.002 0.027 1.000 0.000 0.000 -0.001 0.000 1.000]]
		[0.7 [0.990 0.144 -0.006 0.000 -0.144 0.989 -0.026 0.000 0.002 0.027 1.000 0.000 0.000 -0.001 0.000 1.000]]
		[0.7166666 [0.985 0.173 -0.007 0.000 -0.173 0.985 -0.026 0.000 0.002 0.027 1.000 0.000 0.000 -0.001 0.000 1.000]]
		[0.7333333 [0.979 0.205 -0.007 0.000 -0.205 0.978 -0.026 0.000 0.002 0.027 1.000 0.000 0.000 -0.001 0.000 1.000]]
		[0.75 [0.971 0.240 -0.008 0.000 -0.240 0.971 -0.025 0.000 0.002 0.027 1.000 0.000 0.000 -0.001 0.000 1.000]]
		[0.7666667 [0.961 0.277 -0.009 0.000 -0.277 0.961 -0.025 0.000 0.002 0.027 1.000 0.000 0.000 -0.001 0.000 1.000]]
		[0.7833334 [0.949 0.315 -0.010 0.000 -0.315 0.949 -0.025 0.000 0.002 0.027 1.000 0.000 0.000 -0.001 0.000 1.000]]
		[0.8 [0.935 0.355 -0.011 0.000 -0.355 0.935 -0.024 0.000 0.002 0.027 1.000 0.000 0.000 -0.001 0.000 1.000]]
		[0.8166667 [0.919 0.394 -0.012 0.000 -0.395 0.919 -0.024 0.000 0.002 0.027 1.000 0.000 0.000 -0.001 0.000 1.000]]
		[0.8333333 [0.901 0.434 -0.013 0.000 -0.434 0.900 -0.023 0.000 0.002 0.027 1.000 0.000 0.000 -0.001 0.000 1.000]]
		[0.85 [0.881 0.473 -0.014 0.000 -0.473 0.881 -0.023 0.000 0.002 0.027 1.000 0.000 0.000 -0.001 0.000 1.000]]
		[0.8666667 [0.860 0.510 -0.015 0.000 -0.511 0.860 -0.022 0.000 0.002 0.027 1.000 0.000 0.000 -0.001 0.000 1.000]]
		[0.8833333 [0.838 0.546 -0.016 0.000 -0.546 0.837 -0.021 0.000 0.002 0.027 1.000 0.000 0.000 -0.001 0.000 1.000]]
		[0.9 [0.815 0.579 -0.017 0.000 -0.580 0.815 -0.021 0.000 0.002 0.027 1.000 0.000 0.000 -0.001 0.000 1.000]]
		[0.9166667 [0.792 0.610 -0.018 0.000 -0.610 0.792 -0.020 0.000 0.002 0.027 1.000 0.000 0.000 -0.001 0.000 1.000]]
		[0.9333333 [0.770 0.638 -0.019 0.000 -0.638 0.770 -0.019 0.000 0.002 0.027 1.000 0.000 0.000 -0.001 0.000 1.000]]
		[0.95 [0.749 0.663 -0.019 0.000 -0.663 0.748 -0.019 0.000 0.002 0.027 1.000 0.000 0.000 -0.001 0.000 1.000]]
		[0.9666666 [0.729 0.684 -0.020 0.000 -0.684 0.729 -0.018 0.000 0.002 0.027 1.000 0.000 0.000 -0.001 0.000 1.000]]
		[0.9833333 [0.712 0.702 -0.020 0.000 -0.702 0.712 -0.018 0.000 0.002 0.027 1.000 0.000 0.000 -0.001 0.000 1.000]]
	]
	"Koleno_L" [
		[0 [0.961 0.277 0.013 0.000 -0.277 0.961 0.023 0.000 -0.006 -0.026 1.000 0.000 0.001 -0.001 0.000 1.000]]
		[0.01666667 [0.950 0.312 0.013 0.000 -0.312 0.950 0.023 0.000 -0.005 -0.026 1.000 0.000 0.001 -0.001 0.000 1.000]]
		[0.03333334 [0.938 0.346 0.014 0.000 -0.346 0.938 0.022 0.000 -0.005 -0.026 1.000 0.000 0.001 -0.001 0.000 1.000]]
		[0.05 [0.924 0.382 0.015 0.000 -0.382 0.924 0.022 0.000 -0.005 -0.026 1.000 0.000 0.001 -0.001 0.000 1.000]]
		[0.06666667 [0.908 0.418 0.016 0.000 -0.418 0.908 0.021 0.000 -0.005 -0.026 1.000 0.000 0.001 -0.001 0.000 1.000]]
		[0.08333334 [0.891 0.454 0.016 0.000 -0.454 0.891 0.021 0.000 -0.005 -0.026 1.000 0.000 0.001 -0.001 0.000 1.000]]
		[0.1 [0.872 0.490 0.017 0.000 -0.490 0.871 0.020 0.000 -0.005 -0.026 1.000 0.000 0.001 -0.001 0.000 1.000]]
		[0.1166667 [0.851 0.525 0.018 0.000 -0.525 0.851 0.020 0.000 -0.005 -0.026 1.000 0.000 0.001 -0.001 0.000 1.000]]
		[0.1333333 [0.829 0.559 0.019 0.000 -0.559 0.829 0.019 0.000 -0.005 -0.026 1.000 0.000 0.001 -0.001 0.000 1.000]]
		[0.15 [0.806 0.592 0.019 0.000 -0.592 0.806 0.018 0.000 -0.005 -0.026 1.000 0.000 0.001 -0.001 0.000 1.000]]
		[0.1666667 [0.782 0.623 0.020 0.000 -0.624 0.781 0.018 0.000 -0.005 -0.026 1.000 0.000 0.001 -0.001 0.000 1.000]]
		[0.1833333 [0.757 0.653 0.020 0.000 -0.654 0.757 0.017 0.000 -0.004 -0.026 1.000 0.000 0.001 -0.001 0.000 1.000]]
		[0.2 [0.732 0.681 0.021 0.000 -0.682 0.732 0.016 0.000 -0.004 -0.026 1.000 0.000 0.001 -0.001 0.000 1.000]]
		[0.2166667 [0.706 0.707 0.022 0.000 -0.708 0.706 0.016 0.000 -0.004 -0.026 1.000 0.000 0.001 -0.001 0.000 1.000]]
		[0.2333333 [0.682 0.731 0.022 0.000 -0.732 0.681 0.015 0.000 -0.004 -0.026 1.000 0.000 0.001 -0.001 0.000 1.000]]
		[0.25 [0.657 0.753 0.022 0.000 -0.754 0.657 0.014 0.000 -0.004 -0.026 1.000 0.000 0.001 -0.001 0.000 1.000]]
		[0.2666667 [0.634 0.773 0.023 0.000 -0.773 0.634 0.014 0.000 -0.004 -0.026 1.000 0.000 0.001 -0.001 0.000 1.000]]
		[0.2833333 [0.612 0.790 0.023 0.000 -0.791 0.612 0.013 0.000 -0.004 -0.026 1.000 0.000 0.001 -0.001 0.000 1.000]]
		[0.3 [0.592 0.806 0.024 0.000 -0.806 0.592 0.012 0.000 -0.004 -0.026 1.000 0.000 0.001 -0.001 0.000 1.000]]
		[0.3166667 [0.574 0.819 0.024 0.000 -0.819 0.574 0.012 0.000 -0.004 -0.026 1.000 0.000 0.000 -0.001 0.000 1.000]]
		[0.3333333 [0.558 0.830 0.024 0.000 -0.830 0.558 0.012 0.000 -0.004 -0.026 1.000 0.000 0.000 -0.001 0.000 1.000]]
		[0.35 [0.545 0.838 0.024 0.000 -0.839 0.545 0.011 0.000 -0.004 -0.026 1.000 0.000 0.000 -0.001 0.000 1.000]]
		[0.3666667 [0.534 0.845 0.024 0.000 -0.845 0.534 0.011 0.000 -0.004 -0.026 1.000 0.000 0.000 -0.001 0.000 1.000]]
		[0.3833333 [0.526 0.850 0.024 0.000 -0.850 0.526 0.011 0.000 -0.004 -0.027 1.000 0.000 0.000 -0.001 0.000 1.000]]
		[0.4 [0.520 0.854 0.025 0.000 -0.854 0.520 0.011 0.000 -0.004 -0.027 1.000 0.000 0.000 -0.001 0.000 1.000]]
		[0.4166667 [0.516 0.856 0.025 0.000 -0.856 0.516 0.011 0.000 -0.003 -0.027 1.000 0.000 0.000 -0.001 0.000 1.000]]
		[0.4333333 [0.515 0.857 0.025 0.000 -0.857 0.514 0.011 0.000 -0.003 -0.027 1.000 0.000 0.000 -0.001 0.000 1.000]]
		[0.45 [0.514 0.857 0.025 0.000 -0.858 0.514 0.011 0.000 -0.003 -0.027 1.000 0.000 0.000 -0.001 0.000 1.000]]
		[0.4666667 [0.515 0.857 0.025 0.000 -0.857 0.515 0.011 0.000 -0.003 -0.027 1.000 0.000 0.000 -0.001 0.000 1.000]]
		[0.4833333 [0.518 0.855 0.025 0.000 -0.855 0.518 0.011 0.000 -0.003 -0.027 1.000 0.000 0.000 -0.001 0.000 1.000]]
		[0.5 [0.521 0.853 0.025 0.000 -0.853 0.521 0.011 0.000 -0.003 -0.027 1.000 0.000 0.000 -0.001 0.000 1.000]]
		[0.5166667 [0.525 0.851 0.025 0.000 -0.851 0.525 0.012 0.000 -0.003 -0.027 1.000 0.000 0.000 -0.001 0.000 1.000]]
		[0.5333334 [0.530 0.848 0.025 0.000 -0.848 0.530 0.012 0.000 -0.003 -0.027 1.000 0.000 0.000 -0.001 0.000 1.000]]
		[0.55 [0.535 0.845 0.025 0.000 -0.845 0.534 0.012 0.000 -0.003 -0.027 1.000 0.000 0.000 -0.001 0.000 1.000]]
		[0.5666667 [0.539 0.842 0.025 0.000 -0.842 0.539 0.012 0.000 -0.003 -0.027 1.000 0.000 0.000 -0.001 0.000 1.000]]
		[0.5833333 [0.544 0.839 0.025 0.000 -0.839 0.544 0.012 0.000 -0.003 -0.027 1.000 0.000 0.000 -0.001 0.000 1.000]]
		[0.6 [0.549 0.836 0.025 0.000 -0.836 0.548 0.012 0.000 -0.003 -0.027 1.000 0.000 0.000 -0.001 0.000 1.000]]
		[0.6166667 [0.552 0.833 0.024 0.000 -0.834 0.552 0.012 0.000 -0.003 -0.027 1.000 0.000 0.000 -0.001 0.000 1.000]]
		[0.6333333 [0.555 0.831 0.024 0.000 -0.832 0.555 0.012 0.000 -0.004 -0.027 1.000 0.000 0.000 -0.001 0.000 1.000]]
		[0.65 [0.557 0.830 0.024 0.000 -0.831 0.557 0.012 0.000 -0.004 -0.027 1.000 0.000 0.000 -0.001 0.000 1.000]]
		[0.6666667 [0.558 0.830 0.024 0.000 -0.830 0.558 0.012 0.000 -0.004 -0.026 1.000 0.000 0.000 -0.001 0.000 1.000]]
		[0.6833333 [0.558 0.829 0.024 0.000 -0.830 0.558 0.011 0.000 -0.004 -0.026 1.000 0.000 0.001 -0.001 0.000 1.000]]
		[0.7 [0.558 0.830 0.023 0.000 -0.830 0.558 0.011 0.000 -0.004 -0.026 1.000 0.000 0.001 -0.001 0.000 1.000]]
		[0.7166666 [0.558 0.830 0.023 0.000 -0.830 0.558 0.011 0.000 -0.004 -0.025 1.000 0.000 0.001 -0.001 0.000 1.000]]
		[0.7333333 [0.558 0.830 0.023 0.000 -0.830 0.558 0.010 0.000 -0.004 -0.024 1.000 0.000 0.001 -0.001 0.000 1.000]]
		[0.75 [0.558 0.830 0.022 0.000 -0.830 0.558 0.010 0.000 -0.004 -0.024 1.000 0.000 0.001 -0.001 0.000 1.000]]
		[0.7666667 [0.558 0.830 0.022 0.000 -0.830 0.558 0.009 0.000 -0.004 -0.023 1.000 0.000 0.001 -0.001 0.000 1.000]]
		[0.7833334 [0.558 0.830 0.021 0.000 -0.830 0.558 0.009 0.000 -0.004 -0.022 1.000 0.000 0.002 -0.002 0.000 1.000]]
		[0.8 [0.558 0.830 0.020 0.000 -0.830 0.558 0.008 0.000 -0.004 -0.022 1.000 0.000 0.002 -0.002 0.000 1.000]]
		[0.8166667 [0.558 0.830 0.020 0.000 -0.830 0.558 0.008 0.000 -0.004 -0.021 1.000 0.000 0.002 -0.002 0.000 1.000]]
		[0.8333333 [0.558 0.830 0.019 0.000 -0.830 0.558 0.008 0.000 -0.004 -0.020 1.000 0.000 0.002 -0.002 0.000 1.000]]
		[0.85 [0.558 0.830 0.018 0.000 -0.830 0.558 0.008 0.000 -0.004 -0.019 1.000 0.000 0.002 -0.002 0.000 1.000]]
		[0.8666667 [0.558 0.830 0.018 0.000 -0.830 0.558 0.007 0.000 -0.004 -0.019 1.000 0.000 0.003 -0.002 0.000 1.000]]
		[0.8833333 [0.558 0.830 0.017 0.000 -0.830 0.558 0.007 0.000 -0.003 -0.018 1.000 0.000 0.003 -0.002 0.000 1.000]]
		[0.9 [0.558 0.830 0.016 0.000 -0.830 0.558 0.007 0.000 -0.003 -0.018 1.000 0.000 0.003 -0.002 0.000 1.000]]
		[0.9166667 [0.558 0.830 0.016 0.000 -0.830 0.558 0.007 0.000 -0.003 -0.017 1.000 0.000 0.003 -0.003 0.000 1.000]]
		[0.9333333 [0.558 0.830 0.015 0.000 -0.830 0.558 0.007 0.000 -0.002 -0.017 1.000 0.000 0.003 -0.003 0.000 1.000]]
		[0.95 [0.558 0.830 0.015 0.000 -0.830 0.558 0.007 0.000 -0.002 -0.016 1.000 0.000 0.003 -0.003 0.000 1.000]]
		[0.9666666 [0.558 0.830 0.014 0.000 -0.830 0.558 0.008 0.000 -0.002 -0.016 1.000 0.000 0.003 -0.003 0.000 1.000]]
		[0.9833333 [0.558 0.830 0.014 0.000 -0.830 0.558 0.008 0.000 -0.001 -0.016 1.000 0.000 0.003 -0.003 0.000 1.000]]
	]
	"Koleno_L_end" [
		[0 [0.961 0.277 0.013 0.000 -0.277 0.961 0.023 0.000 -0.006 -0.026 1.000 0.000 0.000 -0.002 0.000 1.000]]
		[0.01666667 [0.950 0.312 0.013 0.000 -0.312 0.950 0.023 0.000 -0.005 -0.026 1.000 0.000 -0.001 -0.002 0.000 1.000]]
		[0.03333334 [0.938 0.346 0.014 0.000 -0.346 0.938 0.022 0.000 -0.005 -0.026 1.000 0.000 -0.001 -0.002 0.000 1.000]]
		[0.05 [0.924 0.382 0.015 0.000 -0.382 0.924 0.022 0.000 -0.005 -0.026 1.000 0.000 -0.001 -0.002 0.000 1.000]]
		[0.06666667 [0.908 0.418 0.016 0.000 -0.418 0.908 0.021 0.000 -0.005 -0.026 1.000 0.000 -0.001 -0.002 0.000 1.000]]
		[0.08333334 [0.891 0.454 0.016 0.000 -0.454 0.891 0.021 0.000 -0.005 -0.026 1.000 0.000 -0.002 -0.002 0.000 1.000]]
		[0.1 [0.872 0.490 0.017 0.000 -0.490 0.871 0.020 0.000 -0.005 -0.026 1.000 0.000 -0.002 -0.002 0.000 1.000]]
		[0.1166667 [0.851 0.525 0.018 0.000 -0.525 0.851 0.020 0.000 -0.005 -0.026 1.000 0.000 -0.002 -0.002 0.000 1.000]]
		[0.1333333 [0.829 0.559 0.019 0.000 -0.559 0.829 0.019 0.000 -0.005 -0.026 1.000 0.000 -0.002 -0.002 0.000 1.000]]
		[0.15 [0.806 0.592 0.019 0.000 -0.592 0.806 0.018 0.000 -0.005 -0.026 1.000 0.000 -0.003 -0.002 0.000 1.000]]
		[0.1666667 [0.782 0.623 0.020 0.000 -0.624 0.781 0.018 0.000 -0.005 -0.026 1.000 0.000 -0.003 -0.002 0.000 1.000]]
		[0.1833333 [0.757 0.653 0.020 0.000 -0.654 0.757 0.017 0.000 -0.004 -0.026 1.000 0.000 -0.003 -0.003 0.000 1.000]]
		[0.2 [0.732 0.681 0.021 0.000 -0.682 0.732 0.016 0.000 -0.004 -0.026 1.000 0.000 -0.003 -0.003 0.000 1.000]]
		[0.2166667 [0.706 0.707 0.022 0.000 -0.708 0.706 0.016 0.000 -0.004 -0.026 1.000 0.000 -0.003 -0.003 0.000 1.000]]
		[0.2333333 [0.682 0.731 0.022 0.000 -0.732 0.681 0.015 0.000 -0.004 -0.026 1.000 0.000 -0.004 -0.003 0.000 1.000]]
		[0.25 [0.657 0.753 0.022 0.000 -0.754 0.657 0.014 0.000 -0.004 -0.026 1.000 0.000 -0.004 -0.003 0.000 1.000]]
		[0.2666667 [0.634 0.773 0.023 0.000 -0.773 0.634 0.014 0.000 -0.004 -0.026 1.000 0.000 -0.004 -0.003 0.000 1.000]]
		[0.2833333 [0.612 0.790 0.023 0.000 -0.791 0.612 0.013 0.000 -0.004 -0.026 1.000 0.000 -0.004 -0.003 0.000 1.000]]
		[0.3 [0.592 0.806 0.024 0.000 -0.806 0.592 0.012 0.000 -0.004 -0.026 1.000 0.000 -0.004 -0.003 0.000 1.000]]
		[0.3166667 [0.574 0.819 0.024 0.000 -0.819 0.574 0.012 0.000 -0.004 -0.026 1.000 0.000 -0.004 -0.004 0.000 1.000]]
		[0.3333333 [0.558 0.830 0.024 0.000 -0.830 0.558 0.012 0.000 -0.004 -0.026 1.000 0.000 -0.004 -0.004 0.000 1.000]]
		[0.35 [0.545 0.838 0.024 0.000 -0.839 0.545 0.011 0.000 -0.004 -0.026 1.000 0.000 -0.004 -0.004 0.000 1.000]]
		[0.3666667 [0.534 0.845 0.024 0.000 -0.845 0.534 0.011 0.000 -0.004 -0.026 1.000 0.000 -0.004 -0.004 0.000 1.000]]
		[0.3833333 [0.526 0.850 0.024 0.000 -0.850 0.526 0.011 0.000 -0.004 -0.027 1.000 0.000 -0.005 -0.004 0.000 1.000]]
		[0.4 [0.520 0.854 0.025 0.000 -0.854 0.520 0.011 0.000 -0.004 -0.027 1.000 0.000 -0.005 -0.004 0.000 1.000]]
		[0.4166667 [0.516 0.856 0.025 0.000 -0.856 0.516 0.011 0.000 -0.003 -0.027 1.000 0.000 -0.005 -0.004 0.000 1.000]]
		[0.4333333 [0.515 0.857 0.025 0.000 -0.857 0.514 0.011 0.000 -0.003 -0.027 1.000 0.000 -0.005 -0.004 0.000 1.000]]
		[0.45 [0.514 0.857 0.025 0.000 -0.858 0.514 0.011 0.000 -0.003 -0.027 1.000 0.000 -0.005 -0.004 0.000 1.000]]
		[0.4666667 [0.515 0.857 0.025 0.000 -0.857 0.515 0.011 0.000 -0.003 -0.027 1.000 0.000 -0.005 -0.004 0.000 1.000]]
		[0.4833333 [0.518 0.855 0.025 0.000 -0.855 0.518 0.011 0.000 -0.003 -0.027 1.000 0.000 -0.005 -0.004 0.000 1.000]]
		[0.5 [0.521 0.853 0.025 0.000 -0.853 0.521 0.011 0.000 -0.003 -0.027 1.000 0.000 -0.005 -0.004 0.000 1.000]]
		[0.5166667 [0.525 0.851 0.025 0.000 -0.851 0.525 0.012 0.000 -0.003 -0.027 1.000 0.000 -0.005 -0.004 0.000 1.000]]
		[0.5333334 [0.530 0.848 0.025 0.000 -0.848 0.530 0.012 0.000 -0.003 -0.027 1.000 0.000 -0.005 -0.004 0.000 1.000]]
		[0.55 [0.535 0.845 0.025 0.000 -0.845 0.534 0.012 0.000 -0.003 -0.027 1.000 0.000 -0.005 -0.004 0.000 1.000]]
		[0.5666667 [0.539 0.842 0.025 0.000 -0.842 0.539 0.012 0.000 -0.003 -0.027 1.000 0.000 -0.005 -0.004 0.000 1.000]]
		[0.5833333 [0.544 0.839 0.025 0.000 -0.839 0.544 0.012 0.000 -0.003 -0.027 1.000 0.000 -0.005 -0.004 0.000 1.000]]
		[0.6 [0.549 0.836 0.025 0.000 -0.836 0.548 0.012 0.000 -0.003 -0.027 1.000 0.000 -0.005 -0.004 0.000 1.000]]
		[0.6166667 [0.552 0.833 0.024 0.000 -0.834 0.552 0.012 0.000 -0.003 -0.027 1.000 0.000 -0.005 -0.004 0.000 1.000]]
		[0.6333333 [0.555 0.831 0.024 0.000 -0.832 0.555 0.012 0.000 -0.004 -0.027 1.000 0.000 -0.005 -0.004 0.000 1.000]]
		[0.65 [0.557 0.830 0.024 0.000 -0.831 0.557 0.012 0.000 -0.004 -0.027 1.000 0.000 -0.004 -0.004 0.000 1.000]]
		[0.6666667 [0.558 0.830 0.024 0.000 -0.830 0.558 0.012 0.000 -0.004 -0.026 1.000 0.000 -0.004 -0.004 0.000 1.000]]
		[0.6833333 [0.558 0.829 0.024 0.000 -0.830 0.558 0.011 0.000 -0.004 -0.026 1.000 0.000 -0.004 -0.004 0.000 1.000]]
		[0.7 [0.558 0.830 0.023 0.000 -0.830 0.558 0.011 0.000 -0.004 -0.026 1.000 0.000 -0.004 -0.004 0.000 1.000]]
		[0.7166666 [0.558 0.830 0.023 0.000 -0.830 0.558 0.011 0.000 -0.004 -0.025 1.000 0.000 -0.004 -0.004 0.000 1.000]]
		[0.7333333 [0.558 0.830 0.023 0.000 -0.830 0.558 0.010 0.000 -0.004 -0.024 1.000 0.000 -0.004 -0.004 0.000 1.000]]
		[0.75 [0.558 0.830 0.022 0.000 -0.830 0.558 0.010 0.000 -0.004 -0.024 1.000 0.000 -0.004 -0.004 0.000 1.000]]
		[0.7666667 [0.558 0.830 0.022 0.000 -0.830 0.558 0.009 0.000 -0.004 -0.023 1.000 0.000 -0.003 -0.004 0.000 1.000]]
		[0.7833334 [0.558 0.830 0.021 0.000 -0.830 0.558 0.009 0.000 -0.004 -0.022 1.000 0.000 -0.003 -0.004 0.000 1.000]]
		[0.8 [0.558 0.830 0.020 0.000 -0.830 0.558 0.008 0.000 -0.004 -0.022 1.000 0.000 -0.003 -0.004 0.000 1.000]]
		[0.8166667 [0.558 0.830 0.020 0.000 -0.830 0.558 0.008 0.000 -0.004 -0.021 1.000 0.000 -0.003 -0.004 0.000 1.000]]
		[0.8333333 [0.558 0.830 0.019 0.000 -0.830 0.558 0.008 0.000 -0.004 -0.020 1.000 0.000 -0.003 -0.004 0.000 1.000]]
		[0.85 [0.558 0.830 0.018 0.000 -0.830 0.558 0.008 0.000 -0.004 -0.019 1.000 0.000 -0.002 -0.005 0.000 1.000]]
		[0.8666667 [0.558 0.830 0.018 0.000 -0.830 0.558 0.007 0.000 -0.004 -0.019 1.000 0.000 -0.002 -0.005 0.000 1.000]]
		[0.8833333 [0.558 0.830 0.017 0.000 -0.830 0.558 0.007 0.000 -0.003 -0.018 1.000 0.000 -0.002 -0.005 0.000 1.000]]
		[0.9 [0.558 0.830 0.016 0.000 -0.830 0.558 0.007 0.000 -0.003 -0.018 1.000 0.000 -0.002 -0.005 0.000 1.000]]
		[0.9166667 [0.558 0.830 0.016 0.000 -0.830 0.558 0.007 0.000 -0.003 -0.017 1.000 0.000 -0.002 -0.005 0.000 1.000]]
		[0.9333333 [0.558 0.830 0.015 0.000 -0.830 0.558 0.007 0.000 -0.002 -0.017 1.000 0.000 -0.002 -0.005 0.000 1.000]]
		[0.95 [0.558 0.830 0.015 0.000 -0.830 0.558 0.007 0.000 -0.002 -0.016 1.000 0.000 -0.002 -0.005 0.000 1.000]]
		[0.9666666 [0.558 0.830 0.014 0.000 -0.830 0.558 0.008 0.000 -0.002 -0.016 1.000 0.000 -0.001 -0.005 0.000 1.000]]
		[0.9833333 [0.558 0.830 0.014 0.000 -0.830 0.558 0.008 0.000 -0.001 -0.016 1.000 0.000 -0.001 -0.006 0.000 1.000]]
	]
	"Bedro_P" [
		[0 [0.812 0.584 0.014 0.000 -0.584 0.811 0.023 0.000 0.002 -0.027 1.000 0.000 0.000 -0.001 0.000 1.000]]
		[0.01666667 [0.806 0.591 0.014 0.000 -0.592 0.806 0.023 0.000 0.002 -0.027 1.000 0.000 0.000 -0.001 0.000 1.000]]
		[0.03333334 [0.801 0.599 0.014 0.000 -0.599 0.800 0.023 0.000 0.002 -0.027 1.000 0.000 0.000 -0.001 0.000 1.000]]
		[0.05 [0.795 0.607 0.015 0.000 -0.607 0.795 0.023 0.000 0.002 -0.027 1.000 0.000 0.000 -0.001 0.000 1.000]]
		[0.06666667 [0.789 0.614 0.015 0.000 -0.614 0.789 0.022 0.000 0.002 -0.027 1.000 0.000 0.000 -0.001 0.000 1.000]]
		[0.08333334 [0.783 0.622 0.015 0.000 -0.622 0.782 0.022 0.000 0.002 -0.027 1.000 0.000 0.000 -0.001 0.000 1.000]]
		[0.1 [0.776 0.630 0.015 0.000 -0.630 0.776 0.022 0.000 0.002 -0.027 1.000 0.000 0.000 -0.001 0.000 1.000]]
		[0.1166667 [0.770 0.638 0.016 0.000 -0.638 0.770 0.022 0.000 0.002 -0.027 1.000 0.000 0.000 -0.001 0.000 1.000]]
		[0.1333333 [0.763 0.646 0.016 0.000 -0.646 0.763 0.022 0.000 0.002 -0.027 1.000 0.000 0.000 -0.001 0.000 1.000]]
		[0.15 [0.757 0.653 0.016 0.000 -0.654 0.757 0.022 0.000 0.002 -0.027 1.000 0.000 0.000 -0.001 0.000 1.000]]
		[0.1666667 [0.750 0.661 0.016 0.000 -0.661 0.750 0.021 0.000 0.002 -0.027 1.000 0.000 0.000 -0.001 0.000 1.000]]
		[0.1833333 [0.744 0.668 0.016 0.000 -0.668 0.744 0.021 0.000 0.002 -0.027 1.000 0.000 0.000 -0.001 0.000 1.000]]
		[0.2 [0.738 0.675 0.017 0.000 -0.675 0.737 0.021 0.000 0.002 -0.027 1.000 0.000 0.000 -0.001 0.000 1.000]]
		[0.2166667 [0.731 0.682 0.017 0.000 -0.682 0.731 0.021 0.000 0.002 -0.027 1.000 0.000 0.000 -0.001 0.000 1.000]]
		[0.2333333 [0.725 0.688 0.017 0.000 -0.688 0.725 0.021 0.000 0.002 -0.027 1.000 0.000 0.000 -0.001 0.000 1.000]]
		[0.25 [0.720 0.694 0.017 0.000 -0.694 0.720 0.021 0.000 0.002 -0.027 1.000 0.000 0.000 -0.001 0.000 1.000]]
		[0.2666667 [0.715 0.699 0.017 0.000 -0.700 0.714 0.021 0.000 0.002 -0.027 1.000 0.000 0.000 -0.001 0.000 1.000]]
		[0.2833333 [0.710 0.704 0.017 0.000 -0.705 0.709 0.020 0.000 0.002 -0.027 1.000 0.000 0.000 -0.001 0.000 1.000]]
		[0.3 [0.705 0.709 0.018 0.000 -0.709 0.705 0.020 0.000 0.002 -0.027 1.000 0.000 0.000 -0.001 0.000 1.000]]
		[0.3166667 [0.701 0.713 0.018 0.000 -0.713 0.701 0.020 0.000 0.002 -0.027 1.000 0.000 0.000 -0.001 0.000 1.000]]
		[0.3333333 [0.698 0.716 0.018 0.000 -0.716 0.697 0.020 0.000 0.002 -0.027 1.000 0.000 0.000 -0.001 0.000 1.000]]
		[0.35 [0.694 0.720 0.018 0.000 -0.720 0.694 0.020 0.000 0.002 -0.027 1.000 0.000 0.000 -0.001 0.000 1.000]]
		[0.3666667 [0.690 0.723 0.018 0.000 -0.723 0.690 0.020 0.000 0.002 -0.027 1.000 0.000 0.000 -0.001 0.000 1.000]]
		[0.3833333 [0.686 0.727 0.018 0.000 -0.728 0.686 0.020 0.000 0.002 -0.027 1.000 0.000 0.000 -0.001 0.000 1.000]]
		[0.4 [0.682 0.732 0.018 0.000 -0.732 0.681 0.020 0.000 0.002 -0.027 1.000 0.000 0.000 -0.001 0.000 1.000]]
		[0.4166667 [0.677 0.736 0.018 0.000 -0.736 0.677 0.020 0.000 0.002 -0.027 1.000 0.000 0.000 -0.001 0.000 1.000]]
		[0.4333333 [0.672 0.740 0.018 0.000 -0.740 0.672 0.020 0.000 0.002 -0.027 1.000 0.000 0.000 -0.001 0.000 1.000]]
		[0.45 [0.668 0.744 0.019 0.000 -0.744 0.668 0.019 0.000 0.002 -0.027 1.000 0.000 0.000 -0.001 0.000 1.000]]
		[0.4666667 [0.664 0.748 0.019 0.000 -0.748 0.664 0.019 0.000 0.002 -0.027 1.000 0.000 0.000 -0.001 0.000 1.000]]
		[0.4833333 [0.660 0.751 0.019 0.000 -0.751 0.660 0.019 0.000 0.002 -0.027 1.000 0.000 0.000 -0.001 0.000 1.000]]
		[0.5 [0.658 0.753 0.019 0.000 -0.753 0.657 0.019 0.000 0.002 -0.027 1.000 0.000 0.000 -0.001 0.000 1.000]]
		[0.5166667 [0.656 0.755 0.019 0.000 -0.755 0.655 0.019 0.000 0.002 -0.027 1.000 0.000 0.000 -0.001 0.000 1.000]]
		[0.5333334 [0.655 0.756 0.019 0.000 -0.756 0.654 0.019 0.000 0.002 -0.027 1.000 0.000 0.000 -0.001 0.000 1.000]]
		[0.55 [0.655 0.756 0.019 0.000 -0.756 0.654 0.019 0.000 0.002 -0.027 1.000 0.000 0.000 -0.001 0.000 1.000]]
		[0.5666667 [0.656 0.755 0.019 0.000 -0.755 0.656 0.019 0.000 0.002 -0.027 1.000 0.000 0.000 -0.001 0.000 1.000]]
		[0.5833333 [0.659 0.752 0.019 0.000 -0.752 0.658 0.019 0.000 0.002 -0.027 1.000 0.000 0.000 -0.001 0.000 1.000]]
		[0.6 [0.663 0.748 0.019 0.000 -0.749 0.663 0.019 0.000 0.002 -0.027 1.000 0.000 0.000 -0.001 0.000 1.000]]
		[0.6166667 [0.669 0.743 0.019 0.000 -0.743 0.669 0.019 0.000 0.002 -0.027 1.000 0.000 0.000 -0.001 0.000 1.000]]
		[0.6333333 [0.677 0.736 0.018 0.000 -0.736 0.676 0.020 0.000 0.002 -0.027 1.000 0.000 0.000 -0.001 0.000 1.000]]
		[0.65 [0.686 0.727 0.018 0.000 -0.728 0.686 0.020 0.000 0.002 -0.027 1.000 0.000 0.000 -0.001 0.000 1.000]]
		[0.6666667 [0.698 0.716 0.018 0.000 -0.716 0.697 0.020 0.000 0.002 -0.027 1.000 0.000 0.000 -0.001 0.000 1.000]]
		[0.6833333 [0.712 0.702 0.017 0.000 -0.702 0.712 0.021 0.000 0.002 -0.027 1.000 0.000 0.000 -0.001 0.000 1.000]]
		[0.7 [0.729 0.684 0.017 0.000 -0.684 0.729 0.021 0.000 0.002 -0.027 1.000 0.000 0.000 -0.001 0.000 1.000]]
		[0.7166666 [0.748 0.663 0.016 0.000 -0.663 0.748 0.021 0.000 0.002 -0.027 1.000 0.000 0.000 -0.001 0.000 1.000]]
		[0.7333333 [0.770 0.638 0.016 0.000 -0.638 0.769 0.022 0.000 0.002 -0.027 1.000 0.000 0.000 -0.001 0.000 1.000]]
		[0.75 [0.792 0.610 0.015 0.000 -0.611 0.792 0.022 0.000 0.002 -0.027 1.000 0.000 0.000 -0.001 0.000 1.000]]
		[0.7666667 [0.815 0.580 0.014 0.000 -0.580 0.814 0.023 0.000 0.002 -0.027 1.000 0.000 0.000 -0.001 0.000 1.000]]
		[0.7833334 [0.838 0.546 0.013 0.000 -0.546 0.837 0.024 0.000 0.002 -0.027 1.000 0.000 0.000 -0.001 0.000 1.000]]
		[0.8 [0.860 0.511 0.012 0.000 -0.511 0.859 0.024 0.000 0.002 -0.027 1.000 0.000 0.000 -0.001 0.000 1.000]]
		[0.8166667 [0.881 0.473 0.011 0.000 -0.473 0.881 0.025 0.000 0.002 -0.027 1.000 0.000 0.000 -0.001 0.000 1.000]]
		[0.8333333 [0.901 0.434 0.010 0.000 -0.435 0.900 0.025 0.000 0.002 -0.027 1.000 0.000 0.000 -0.001 0.000 1.000]]
		[0.85 [0.919 0.395 0.009 0.000 -0.395 0.918 0.025 0.000 0.002 -0.027 1.000 0.000 0.000 -0.001 0.000 1.000]]
		[0.8666667 [0.935 0.355 0.008 0.000 -0.355 0.935 0.026 0.000 0.002 -0.027 1.000 0.000 0.000 -0.001 0.000 1.000]]
		[0.8833333 [0.949 0.315 0.007 0.000 -0.315 0.949 0.026 0.000 0.002 -0.027 1.000 0.000 0.000 -0.001 0.000 1.000]]
		[0.9 [0.961 0.277 0.005 0.000 -0.277 0.961 0.026 0.000 0.002 -0.027 1.000 0.000 0.000 -0.001 0.000 1.000]]
		[0.9166667 [0.971 0.240 0.004 0.000 -0.240 0.970 0.027 0.000 0.002 -0.027 1.000 0.000 0.000 -0.001 0.000 1.000]]
		[0.9333333 [0.979 0.205 0.004 0.000 -0.205 0.978 0.027 0.000 0.002 -0.027 1.000 0.000 0.000 -0.001 0.000 1.000]]
		[0.95 [0.985 0.173 0.003 0.000 -0.173 0.985 0.027 0.000 0.002 -0.027 1.000 0.000 0.000 -0.001 0.000 1.000]]
		[0.9666666 [0.989 0.145 0.002 0.000 -0.145 0.989 0.027 0.000 0.002 -0.027 1.000 0.000 0.000 -0.001 0.000 1.000]]
		[0.9833333 [0.993 0.121 0.001 0.000 -0.120 0.992 0.027 0.000 0.002 -0.027 1.000 0.000 0.000 -0.001 0.000 1.000]]
	]
	"Koleno_P" [
		[0 [0.694 0.720 -0.011 0.000 -0.720 0.694 -0.011 0.000 -0.001 0.016 1.000 0.000 0.003 -0.002 0.000 1.000]]
		[0.01666667 [0.687 0.726 -0.011 0.000 -0.726 0.687 -0.011 0.000 -0.001 0.016 1.000 0.000 0.003 -0.002 0.000 1.000]]
		[0.03333334 [0.681 0.733 -0.011 0.000 -0.733 0.680 -0.011 0.000 -0.001 0.016 1.000 0.000 0.003 -0.002 0.000 1.000]]
		[0.05 [0.673 0.739 -0.011 0.000 -0.739 0.673 -0.011 0.000 -0.001 0.016 1.000 0.000 0.003 -0.003 0.000 1.000]]
		[0.06666667 [0.666 0.746 -0.011 0.000 -0.746 0.666 -0.011 0.000 -0.001 0.016 1.000 0.000 0.003 -0.003 0.000 1.000]]
		[0.08333334 [0.659 0.752 -0.011 0.000 -0.752 0.659 -0.011 0.000 -0.001 0.016 1.000 0.000 0.003 -0.003 0.000 1.000]]
		[0.1 [0.651 0.759 -0.011 0.000 -0.759 0.651 -0.011 0.000 -0.001 0.016 1.000 0.000 0.003 -0.003 0.000 1.000]]
		[0.1166667 [0.643 0.766 -0.011 0.000 -0.766 0.643 -0.011 0.000 -0.001 0.016 1.000 0.000 0.003 -0.003 0.000 1.000]]
		[0.1333333 [0.635 0.772 -0.011 0.000 -0.772 0.635 -0.011 0.000 -0.001 0.016 1.000 0.000 0.003 -0.003 0.000 1.000]]
		[0.15 [0.628 0.778 -0.012 0.000 -0.779 0.628 -0.011 0.000 -0.001 0.016 1.000 0.000 0.003 -0.003 0.000 1.000]]
		[0.1666667 [0.620 0.785 -0.012 0.000 -0.785 0.620 -0.010 0.000 -0.001 0.016 1.000 0.000 0.003 -0.003 0.000 1.000]]
		[0.1833333 [0.612 0.791 -0.012 0.000 -0.791 0.612 -0.010 0.000 -0.001 0.016 1.000 0.000 0.003 -0.003 0.000 1.000]]
		[0.2 [0.605 0.796 -0.012 0.000 -0.796 0.605 -0.010 0.000 -0.001 0.016 1.000 0.000 0.003 -0.003 0.000 1.000]]
		[0.2166667 [0.598 0.802 -0.012 0.000 -0.802 0.597 -0.010 0.000 -0.001 0.016 1.000 0.000 0.003 -0.003 0.000 1.000]]
		[0.2333333 [0.591 0.807 -0.012 0.000 -0.807 0.590 -0.010 0.000 -0.001 0.016 1.000 0.000 0.003 -0.003 0.000 1.000]]
		[0.25 [0.584 0.812 -0.012 0.000 -0.812 0.584 -0.010 0.000 -0.001 0.016 1.000 0.000 0.003 -0.003 0.000 1.000]]
		[0.2666667 [0.578 0.816 -0.012 0.000 -0.816 0.578 -0.010 0.000 -0.001 0.016 1.000 0.000 0.003 -0.003 0.000 1.000]]
		[0.2833333 [0.572 0.820 -0.012 0.000 -0.820 0.572 -0.010 0.000 -0.001 0.016 1.000 0.000 0.003 -0.003 0.000 1.000]]
		[0.3 [0.567 0.824 -0.012 0.000 -0.824 0.567 -0.010 0.000 -0.001 0.016 1.000 0.000 0.003 -0.003 0.000 1.000]]
		[0.3166667 [0.562 0.827 -0.012 0.000 -0.827 0.562 -0.010 0.000 -0.001 0.016 1.000 0.000 0.003 -0.003 0.000 1.000]]
		[0.3333333 [0.558 0.830 -0.012 0.000 -0.830 0.558 -0.009 0.000 -0.001 0.016 1.000 0.000 0.003 -0.003 0.000 1.000]]
		[0.35 [0.555 0.832 -0.012 0.000 -0.832 0.555 -0.009 0.000 -0.001 0.016 1.000 0.000 0.003 -0.003 0.000 1.000]]
		[0.3666667 [0.552 0.834 -0.012 0.000 -0.834 0.552 -0.009 0.000 -0.001 0.016 1.000 0.000 0.004 -0.003 0.000 1.000]]
		[0.3833333 [0.550 0.835 -0.012 0.000 -0.835 0.550 -0.009 0.000 -0.001 0.016 1.000 0.000 0.004 -0.003 0.000 1.000]]
		[0.4 [0.549 0.836 -0.012 0.000 -0.836 0.549 -0.009 0.000 -0.001 0.016 1.000 0.000 0.004 -0.003 0.000 1.000]]
		[0.4166667 [0.548 0.836 -0.012 0.000 -0.836 0.548 -0.009 0.000 -0.001 0.016 1.000 0.000 0.004 -0.003 0.000 1.000]]
		[0.4333333 [0.548 0.837 -0.012 0.000 -0.837 0.547 -0.009 0.000 -0.001 0.016 1.000 0.000 0.004 -0.003 0.000 1.000]]
		[0.45 [0.547 0.837 -0.013 0.000 -0.837 0.547 -0.009 0.000 -0.001 0.016 1.000 0.000 0.004 -0.003 0.000 1.000]]
		[0.4666667 [0.548 0.837 -0.012 0.000 -0.837 0.548 -0.009 0.000 -0.001 0.016 1.000 0.000 0.004 -0.003 0.000 1.000]]
		[0.4833333 [0.548 0.836 -0.012 0.000 -0.836 0.548 -0.009 0.000 -0.001 0.016 1.000 0.000 0.004 -0.003 0.000 1.000]]
		[0.5 [0.549 0.836 -0.012 0.000 -0.836 0.549 -0.009 0.000 -0.001 0.016 1.000 0.000 0.004 -0.003 0.000 1.000]]
		[0.5166667 [0.550 0.835 -0.012 0.000 -0.835 0.550 -0.009 0.000 -0.001 0.016 1.000 0.000 0.004 -0.003 0.000 1.000]]
		[0.5333334 [0.551 0.834 -0.012 0.000 -0.834 0.551 -0.009 0.000 -0.001 0.016 1.000 0.000 0.004 -0.003 0.000 1.000]]
		[0.55 [0.552 0.833 -0.012 0.000 -0.834 0.552 -0.009 0.000 -0.001 0.016 1.000 0.000 0.004 -0.003 0.000 1.000]]
		[0.5666667 [0.554 0.833 -0.012 0.000 -0.833 0.554 -0.009 0.000 -0.001 0.016 1.000 0.000 0.004 -0.003 0.000 1.000]]
		[0.5833333 [0.555 0.832 -0.012 0.000 -0.832 0.555 -0.009 0.000 -0.001 0.016 1.000 0.000 0.004 -0.003 0.000 1.000]]
		[0.6 [0.556 0.831 -0.012 0.000 -0.831 0.556 -0.009 0.000 -0.001 0.016 1.000 0.000 0.004 -0.003 0.000 1.000]]
		[0.6166667 [0.557 0.831 -0.012 0.000 -0.831 0.557 -0.009 0.000 -0.001 0.016 1.000 0.000 0.004 -0.003 0.000 1.000]]
		[0.6333333 [0.558 0.830 -0.012 0.000 -0.830 0.557 -0.009 0.000 -0.001 0.016 1.000 0.000 0.004 -0.003 0.000 1.000]]
		[0.65 [0.558 0.830 -0.012 0.000 -0.830 0.558 -0.009 0.000 -0.001 0.016 1.000 0.000 0.004 -0.003 0.000 1.000]]
		[0.6666667 [0.558 0.830 -0.012 0.000 -0.830 0.558 -0.009 0.000 -0.001 0.016 1.000 0.000 0.003 -0.003 0.000 1.000]]
		[0.6833333 [0.558 0.830 -0.012 0.000 -0.830 0.558 -0.009 0.000 -0.001 0.016 1.000 0.000 0.003 -0.003 0.000 1.000]]
		[0.7 [0.558 0.830 -0.012 0.000 -0.830 0.558 -0.009 0.000 -0.001 0.016 1.000 0.000 0.003 -0.003 0.000 1.000]]
		[0.7166666 [0.558 0.830 -0.012 0.000 -0.830 0.558 -0.009 0.000 -0.001 0.016 1.000 0.000 0.003 -0.003 0.000 1.000]]
		[0.7333333 [0.558 0.830 -0.012 0.000 -0.830 0.558 -0.009 0.000 -0.001 0.016 1.000 0.000 0.003 -0.003 0.000 1.000]]
		[0.75 [0.558 0.830 -0.012 0.000 -0.830 0.558 -0.009 0.000 -0.001 0.016 1.000 0.000 0.003 -0.003 0.000 1.000]]
		[0.7666667 [0.558 0.830 -0.012 0.000 -0.830 0.558 -0.009 0.000 -0.001 0.016 1.000 0.000 0.003 -0.002 0.000 1.000]]
		[0.7833334 [0.558 0.830 -0.012 0.000 -0.830 0.558 -0.009 0.000 -0.001 0.016 1.000 0.000 0.003 -0.002 0.000 1.000]]
		[0.8 [0.558 0.830 -0.012 0.000 -0.830 0.558 -0.009 0.000 -0.001 0.016 1.000 0.000 0.003 -0.002 0.000 1.000]]
		[0.8166667 [0.558 0.830 -0.012 0.000 -0.830 0.558 -0.009 0.000 -0.001 0.016 1.000 0.000 0.002 -0.002 0.000 1.000]]
		[0.8333333 [0.558 0.830 -0.012 0.000 -0.830 0.558 -0.009 0.000 -0.001 0.016 1.000 0.000 0.002 -0.002 0.000 1.000]]
		[0.85 [0.558 0.830 -0.012 0.000 -0.830 0.558 -0.009 0.000 -0.001 0.016 1.000 0.000 0.002 -0.002 0.000 1.000]]
		[0.8666667 [0.558 0.830 -0.012 0.000 -0.830 0.558 -0.009 0.000 -0.001 0.016 1.000 0.000 0.002 -0.002 0.000 1.000]]
		[0.8833333 [0.558 0.830 -0.012 0.000 -0.830 0.558 -0.009 0.000 -0.001 0.016 1.000 0.000 0.002 -0.002 0.000 1.000]]
		[0.9 [0.558 0.830 -0.012 0.000 -0.830 0.558 -0.009 0.000 -0.001 0.016 1.000 0.000 0.001 -0.001 0.000 1.000]]
		[0.9166667 [0.558 0.830 -0.012 0.000 -0.830 0.558 -0.009 0.000 -0.001 0.016 1.000 0.000 0.001 -0.001 0.000 1.000]]
		[0.9333333 [0.558 0.830 -0.012 0.000 -0.830 0.558 -0.009 0.000 -0.001 0.016 1.000 0.000 0.001 -0.001 0.000 1.000]]
		[0.95 [0.558 0.830 -0.012 0.000 -0.830 0.558 -0.009 0.000 -0.001 0.016 1.000 0.000 0.001 -0.001 0.000 1.000]]
		[0.9666666 [0.558 0.830 -0.012 0.000 -0.830 0.558 -0.009 0.000 -0.001 0.016 1.000 0.000 0.001 -0.001 0.000 1.000]]
		[0.9833333 [0.558 0.830 -0.012 0.000 -0.830 0.558 -0.009 0.000 -0.001 0.016 1.000 0.000 0.001 -0.001 0.000 1.000]]
	]
	"Koleno_P_end" [
		[0 [0.694 0.720 -0.011 0.000 -0.720 0.694 -0.011 0.000 -0.001 0.016 1.000 0.000 -0.001 -0.004 0.000 1.000]]
		[0.01666667 [0.687 0.726 -0.011 0.000 -0.726 0.687 -0.011 0.000 -0.001 0.016 1.000 0.000 -0.001 -0.004 0.000 1.000]]
		[0.03333334 [0.681 0.733 -0.011 0.000 -0.733 0.680 -0.011 0.000 -0.001 0.016 1.000 0.000 -0.001 -0.004 0.000 1.000]]
		[0.05 [0.673 0.739 -0.011 0.000 -0.739 0.673 -0.011 0.000 -0.001 0.016 1.000 0.000 -0.001 -0.004 0.000 1.000]]
		[0.06666667 [0.666 0.746 -0.011 0.000 -0.746 0.666 -0.011 0.000 -0.001 0.016 1.000 0.000 -0.001 -0.005 0.000 1.000]]
		[0.08333334 [0.659 0.752 -0.011 0.000 -0.752 0.659 -0.011 0.000 -0.001 0.016 1.000 0.000 -0.001 -0.005 0.000 1.000]]
		[0.1 [0.651 0.759 -0.011 0.000 -0.759 0.651 -0.011 0.000 -0.001 0.016 1.000 0.000 -0.001 -0.005 0.000 1.000]]
		[0.1166667 [0.643 0.766 -0.011 0.000 -0.766 0.643 -0.011 0.000 -0.001 0.016 1.000 0.000 -0.001 -0.005 0.000 1.000]]
		[0.1333333 [0.635 0.772 -0.011 0.000 -0.772 0.635 -0.011 0.000 -0.001 0.016 1.000 0.000 -0.001 -0.005 0.000 1.000]]
		[0.15 [0.628 0.778 -0.012 0.000 -0.779 0.628 -0.011 0.000 -0.001 0.016 1.000 0.000 -0.001 -0.005 0.000 1.000]]
		[0.1666667 [0.620 0.785 -0.012 0.000 -0.785 0.620 -0.010 0.000 -0.001 0.016 1.000 0.000 -0.001 -0.005 0.000 1.000]]
		[0.1833333 [0.612 0.791 -0.012 0.000 -0.791 0.612 -0.010 0.000 -0.001 0.016 1.000 0.000 -0.001 -0.005 0.000 1.000]]
		[0.2 [0.605 0.796 -0.012 0.000 -0.796 0.605 -0.010 0.000 -0.001 0.016 1.000 0.000 -0.001 -0.005 0.000 1.000]]
		[0.2166667 [0.598 0.802 -0.012 0.000 -0.802 0.597 -0.010 0.000 -0.001 0.016 1.000 0.000 -0.001 -0.005 0.000 1.000]]
		[0.2333333 [0.591 0.807 -0.012 0.000 -0.807 0.590 -0.010 0.000 -0.001 0.016 1.000 0.000 -0.001 -0.005 0.000 1.000]]
		[0.25 [0.584 0.812 -0.012 0.000 -0.812 0.584 -0.010 0.000 -0.001 0.016 1.000 0.000 -0.001 -0.005 0.000 1.000]]
		[0.2666667 [0.578 0.816 -0.012 0.000 -0.816 0.578 -0.010 0.000 -0.001 0.016 1.000 0.000 -0.001 -0.005 0.000 1.000]]
		[0.2833333 [0.572 0.820 -0.012 0.000 -0.820 0.572 -0.010 0.000 -0.001 0.016 1.000 0.000 -0.001 -0.006 0.000 1.000]]
		[0.3 [0.567 0.824 -0.012 0.000 -0.824 0.567 -0.010 0.000 -0.001 0.016 1.000 0.000 -0.001 -0.006 0.000 1.000]]
		[0.3166667 [0.562 0.827 -0.012 0.000 -0.827 0.562 -0.010 0.000 -0.001 0.016 1.000 0.000 -0.001 -0.006 0.000 1.000]]
		[0.3333333 [0.558 0.830 -0.012 0.000 -0.830 0.558 -0.009 0.000 -0.001 0.016 1.000 0.000 -0.001 -0.006 0.000 1.000]]
		[0.35 [0.555 0.832 -0.012 0.000 -0.832 0.555 -0.009 0.000 -0.001 0.016 1.000 0.000 -0.001 -0.006 0.000 1.000]]
		[0.3666667 [0.552 0.834 -0.012 0.000 -0.834 0.552 -0.009 0.000 -0.001 0.016 1.000 0.000 -0.001 -0.006 0.000 1.000]]
		[0.3833333 [0.550 0.835 -0.012 0.000 -0.835 0.550 -0.009 0.000 -0.001 0.016 1.000 0.000 -0.001 -0.006 0.000 1.000]]
		[0.4 [0.549 0.836 -0.012 0.000 -0.836 0.549 -0.009 0.000 -0.001 0.016 1.000 0.000 -0.001 -0.006 0.000 1.000]]
		[0.4166667 [0.548 0.836 -0.012 0.000 -0.836 0.548 -0.009 0.000 -0.001 0.016 1.000 0.000 -0.001 -0.006 0.000 1.000]]
		[0.4333333 [0.548 0.837 -0.012 0.000 -0.837 0.547 -0.009 0.000 -0.001 0.016 1.000 0.000 -0.001 -0.006 0.000 1.000]]
		[0.45 [0.547 0.837 -0.013 0.000 -0.837 0.547 -0.009 0.000 -0.001 0.016 1.000 0.000 -0.001 -0.006 0.000 1.000]]
		[0.4666667 [0.548 0.837 -0.012 0.000 -0.837 0.548 -0.009 0.000 -0.001 0.016 1.000 0.000 -0.001 -0.006 0.000 1.000]]
		[0.4833333 [0.548 0.836 -0.012 0.000 -0.836 0.548 -0.009 0.000 -0.001 0.016 1.000 0.000 -0.001 -0.006 0.000 1.000]]
		[0.5 [0.549 0.836 -0.012 0.000 -0.836 0.549 -0.009 0.000 -0.001 0.016 1.000 0.000 -0.001 -0.006 0.000 1.000]]
		[0.5166667 [0.550 0.835 -0.012 0.000 -0.835 0.550 -0.009 0.000 -0.001 0.016 1.000 0.000 -0.001 -0.006 0.000 1.000]]
		[0.5333334 [0.551 0.834 -0.012 0.000 -0.834 0.551 -0.009 0.000 -0.001 0.016 1.000 0.000 -0.001 -0.006 0.000 1.000]]
		[0.55 [0.552 0.833 -0.012 0.000 -0.834 0.552 -0.009 0.000 -0.001 0.016 1.000 0.000 -0.001 -0.006 0.000 1.000]]
		[0.5666667 [0.554 0.833 -0.012 0.000 -0.833 0.554 -0.009 0.000 -0.001 0.016 1.000 0.000 -0.001 -0.006 0.000 1.000]]
		[0.5833333 [0.555 0.832 -0.012 0.000 -0.832 0.555 -0.009 0.000 -0.001 0.016 1.000 0.000 -0.001 -0.006 0.000 1.000]]
		[0.6 [0.556 0.831 -0.012 0.000 -0.831 0.556 -0.009 0.000 -0.001 0.016 1.000 0.000 -0.001 -0.006 0.000 1.000]]
		[0.6166667 [0.557 0.831 -0.012 0.000 -0.831 0.557 -0.009 0.000 -0.001 0.016 1.000 0.000 -0.001 -0.006 0.000 1.000]]
		[0.6333333 [0.558 0.830 -0.012 0.000 -0.830 0.557 -0.009 0.000 -0.001 0.016 1.000 0.000 -0.001 -0.006 0.000 1.000]]
		[0.65 [0.558 0.830 -0.012 0.000 -0.830 0.558 -0.009 0.000 -0.001 0.016 1.000 0.000 -0.001 -0.006 0.000 1.000]]
		[0.6666667 [0.558 0.830 -0.012 0.000 -0.830 0.558 -0.009 0.000 -0.001 0.016 1.000 0.000 -0.001 -0.006 0.000 1.000]]
		[0.6833333 [0.558 0.830 -0.012 0.000 -0.830 0.558 -0.009 0.000 -0.001 0.016 1.000 0.000 -0.001 -0.006 0.000 1.000]]
		[0.7 [0.558 0.830 -0.012 0.000 -0.830 0.558 -0.009 0.000 -0.001 0.016 1.000 0.000 -0.001 -0.005 0.000 1.000]]
		[0.7166666 [0.558 0.830 -0.012 0.000 -0.830 0.558 -0.009 0.000 -0.001 0.016 1.000 0.000 -0.002 -0.005 0.000 1.000]]
		[0.7333333 [0.558 0.830 -0.012 0.000 -0.830 0.558 -0.009 0.000 -0.001 0.016 1.000 0.000 -0.002 -0.005 0.000 1.000]]
