{ :name "Dead" :length 0 :bones { 
	"Armature" [
		[0 [1.000 0.000 0.000 0.000 0.000 1.000 0.000 0.000 0.000 0.000 1.000 0.000 0.000 0.000 0.000 1.000]]
	]
	"Skelet" [
		[0 [1.000 0.000 0.000 0.000 0.000 0.000 1.000 0.000 0.000 -1.000 0.000 0.000 0.000 -0.011 0.000 1.000]]
	]
	"Bedro_L" [
		[0 [-0.102 0.937 -0.333 0.000 -0.975 -0.026 0.223 0.000 0.200 0.348 0.916 0.000 0.000 0.010 0.000 1.000]]
	]
	"Koleno_L" [
		[0 [0.109 -0.920 -0.376 0.000 0.984 0.153 -0.088 0.000 0.139 -0.360 0.923 0.000 0.005 0.004 -0.001 1.000]]
	]
	"Koleno_L_end" [
		[0 [0.109 -0.920 -0.376 0.000 0.984 0.153 -0.088 0.000 0.139 -0.360 0.923 0.000 0.011 -0.001 -0.001 1.000]]
	]
	"Bedro_P" [
		[0 [-0.101 0.937 0.334 0.000 -0.975 -0.027 -0.219 0.000 -0.196 -0.348 0.917 0.000 0.000 0.010 0.000 1.000]]
	]
	"Koleno_P" [
		[0 [0.108 -0.919 0.380 0.000 0.983 0.156 0.100 0.000 -0.151 0.362 0.920 0.000 0.005 0.004 0.001 1.000]]
	]
	"Koleno_P_end" [
		[0 [0.108 -0.919 0.380 0.000 0.983 0.156 0.100 0.000 -0.151 0.362 0.920 0.000 0.011 -0.001 0.002 1.000]]
	]
	"Tors" [
		[0 [1.000 0.000 0.000 0.000 0.000 0.000 1.000 0.000 0.000 -1.000 0.000 0.000 0.000 -0.012 0.001 1.000]]
	]
	"Golova" [
		[0 [0.500 -0.866 0.000 0.000 0.000 0.000 1.000 0.000 -0.866 -0.500 0.000 0.000 0.000 -0.018 0.007 1.000]]
	]
	"Golova_end" [
		[0 [0.500 -0.866 0.000 0.000 0.000 0.000 1.000 0.000 -0.866 -0.500 0.000 0.000 0.000 -0.021 0.010 1.000]]
	]
	"Kluchitsa_L" [
		[0 [0.000 0.000 -1.000 0.000 0.000 1.000 0.000 0.000 1.000 0.000 0.000 0.000 0.006 0.000 -0.017 1.000]]
	]
	"Kluchitsa_L_end" [
		[0 [0.000 0.000 -1.000 0.000 0.000 1.000 0.000 0.000 1.000 0.000 0.000 0.000 0.006 0.000 -0.017 1.000]]
	]
	"Kluchitsa_P" [
		[0 [0.000 0.000 1.000 0.000 0.000 1.000 0.000 0.000 -1.000 0.000 0.000 0.000 -0.006 0.000 -0.017 1.000]]
	]
	"Kluchitsa_P_end" [
		[0 [0.000 0.000 1.000 0.000 0.000 1.000 0.000 0.000 -1.000 0.000 0.000 0.000 -0.006 0.000 -0.017 1.000]]
	]
	"Ruka_L" [
		[0 [-0.099 0.889 -0.447 0.000 -0.540 0.330 0.775 0.000 0.836 0.318 0.447 0.000 0.004 0.014 -0.007 1.000]]
	]
	"Lokot_L" [
		[0 [0.067 0.897 -0.437 0.000 -0.471 0.415 0.779 0.000 0.880 0.154 0.450 0.000 0.005 0.012 -0.004 1.000]]
	]
	"Lokot_L_end" [
		[0 [0.067 0.897 -0.437 0.000 -0.471 0.415 0.779 0.000 0.880 0.154 0.450 0.000 0.002 0.009 -0.001 1.000]]
	]
	"Ruka_P" [
		[0 [-0.147 0.889 0.434 0.000 -0.451 0.330 -0.829 0.000 -0.880 -0.318 0.353 0.000 0.003 0.014 0.007 1.000]]
	]
	"Lokot_P" [
		[0 [0.098 0.897 0.431 0.000 -0.525 0.415 -0.743 0.000 -0.845 -0.154 0.512 0.000 0.005 0.012 0.004 1.000]]
	]
	"Lokot_P_end" [
		[0 [0.098 0.897 0.431 0.000 -0.525 0.415 -0.743 0.000 -0.845 -0.154 0.512 0.000 0.002 0.009 0.000 1.000]]
	]
	"Camera" [
		[0 [1.000 0.000 0.000 0.000 0.000 1.000 0.000 0.000 0.000 0.000 1.000 0.000 0.000 0.000 0.000 1.000]]
	]
	"Lamp" [
		[0 [1.000 0.000 0.000 0.000 0.000 1.000 0.000 0.000 0.000 0.000 1.000 0.000 0.000 0.000 0.000 1.000]]
	]
	"Mag" [
		[0 [1.000 0.000 0.000 0.000 0.000 1.000 0.000 0.000 0.000 0.000 1.000 0.000 0.000 0.000 0.000 1.000]]
	]
} }