{ :name "Death" :length 0.6666667 :bones { 
	"Armature" [
		[0 [1.000 0.000 0.000 0.000 0.000 1.000 0.000 0.000 0.000 0.000 1.000 0.000 0.000 0.000 0.000 1.000]]
	]
	"Skelet" [
		[0 [1.000 0.000 0.000 0.000 0.000 1.000 0.000 0.000 0.000 0.000 1.000 0.000 0.000 0.001 0.000 1.000]]
		[0.025 [1.000 0.000 0.000 0.000 0.000 1.000 -0.007 0.000 0.000 0.007 1.000 0.000 0.000 0.001 0.000 1.000]]
		[0.05 [1.000 0.000 0.000 0.000 0.000 1.000 -0.022 0.000 0.000 0.022 1.000 0.000 0.000 0.001 0.000 1.000]]
		[0.075 [1.000 0.000 0.000 0.000 0.000 0.999 -0.039 0.000 0.000 0.039 0.999 0.000 0.000 0.001 0.000 1.000]]
		[0.1 [1.000 0.000 0.000 0.000 0.000 0.999 -0.050 0.000 0.000 0.050 0.999 0.000 0.000 0.002 0.000 1.000]]
		[0.125 [1.000 0.000 0.000 0.000 0.000 0.999 -0.049 0.000 0.000 0.049 0.999 0.000 0.000 0.002 0.000 1.000]]
		[0.15 [1.000 0.000 0.000 0.000 0.000 1.000 -0.028 0.000 0.000 0.028 1.000 0.000 0.000 0.002 0.000 1.000]]
		[0.175 [1.000 0.000 0.000 0.000 0.000 1.000 0.019 0.000 0.000 -0.019 1.000 0.000 0.000 0.002 0.000 1.000]]
		[0.2 [1.000 0.000 0.000 0.000 0.000 0.996 0.092 0.000 0.000 -0.092 0.996 0.000 0.000 0.002 0.000 1.000]]
		[0.225 [1.000 0.000 0.000 0.000 0.000 0.983 0.185 0.000 0.000 -0.185 0.983 0.000 0.000 0.003 0.000 1.000]]
		[0.25 [1.000 0.000 0.000 0.000 0.000 0.957 0.290 0.000 0.000 -0.290 0.957 0.000 0.000 0.003 0.000 1.000]]
		[0.275 [1.000 0.000 0.000 0.000 0.000 0.916 0.401 0.000 0.000 -0.401 0.916 0.000 0.000 0.004 0.000 1.000]]
		[0.3 [1.000 0.000 0.000 0.000 0.000 0.860 0.511 0.000 0.000 -0.511 0.860 0.000 0.000 0.004 0.000 1.000]]
		[0.325 [1.000 0.000 0.000 0.000 0.000 0.791 0.612 0.000 0.000 -0.612 0.791 0.000 0.000 0.003 0.000 1.000]]
		[0.35 [1.000 0.000 0.000 0.000 0.000 0.709 0.705 0.000 0.000 -0.705 0.709 0.000 0.000 0.002 0.000 1.000]]
		[0.375 [1.000 0.000 0.000 0.000 0.000 0.602 0.798 0.000 0.000 -0.798 0.602 0.000 0.000 0.000 0.000 1.000]]
		[0.4 [1.000 0.000 0.000 0.000 0.000 0.474 0.880 0.000 0.000 -0.880 0.474 0.000 0.000 -0.002 0.000 1.000]]
		[0.425 [1.000 0.000 0.000 0.000 0.000 0.336 0.942 0.000 0.000 -0.942 0.336 0.000 0.000 -0.005 0.000 1.000]]
		[0.45 [1.000 0.000 0.000 0.000 0.000 0.202 0.979 0.000 0.000 -0.979 0.202 0.000 0.000 -0.007 0.000 1.000]]
		[0.475 [1.000 0.000 0.000 0.000 0.000 0.085 0.996 0.000 0.000 -0.996 0.085 0.000 0.000 -0.009 0.000 1.000]]
		[0.5 [1.000 0.000 0.000 0.000 0.000 0.000 1.000 0.000 0.000 -1.000 0.000 0.000 0.000 -0.011 0.000 1.000]]
		[0.525 [1.000 0.000 0.000 0.000 0.000 -0.032 0.999 0.000 0.000 -0.999 -0.032 0.000 0.000 -0.011 0.000 1.000]]
		[0.55 [1.000 0.000 0.000 0.000 0.000 -0.021 1.000 0.000 0.000 -1.000 -0.021 0.000 0.000 -0.010 0.000 1.000]]
		[0.575 [1.000 0.000 0.000 0.000 0.000 -0.003 1.000 0.000 0.000 -1.000 -0.003 0.000 0.000 -0.010 0.000 1.000]]
		[0.6 [1.000 0.000 0.000 0.000 0.000 0.000 1.000 0.000 0.000 -1.000 0.000 0.000 0.000 -0.010 0.000 1.000]]
		[0.625 [1.000 0.000 0.000 0.000 0.000 0.000 1.000 0.000 0.000 -1.000 0.000 0.000 0.000 -0.010 0.000 1.000]]
		[0.65 [1.000 0.000 0.000 0.000 0.000 0.000 1.000 0.000 0.000 -1.000 0.000 0.000 0.000 -0.010 0.000 1.000]]
		[0.675 [1.000 0.000 0.000 0.000 0.000 0.000 1.000 0.000 0.000 -1.000 0.000 0.000 0.000 -0.011 0.000 1.000]]
		[0.7 [1.000 0.000 0.000 0.000 0.000 0.000 1.000 0.000 0.000 -1.000 0.000 0.000 0.000 -0.011 0.000 1.000]]
		[0.725 [1.000 0.000 0.000 0.000 0.000 0.000 1.000 0.000 0.000 -1.000 0.000 0.000 0.000 -0.011 0.000 1.000]]
		[0.75 [1.000 0.000 0.000 0.000 0.000 0.000 1.000 0.000 0.000 -1.000 0.000 0.000 0.000 -0.011 0.000 1.000]]
		[0.775 [1.000 0.000 0.000 0.000 0.000 0.000 1.000 0.000 0.000 -1.000 0.000 0.000 0.000 -0.011 0.000 1.000]]
		[0.8 [1.000 0.000 0.000 0.000 0.000 0.000 1.000 0.000 0.000 -1.000 0.000 0.000 0.000 -0.011 0.000 1.000]]
		[0.825 [1.000 0.000 0.000 0.000 0.000 0.000 1.000 0.000 0.000 -1.000 0.000 0.000 0.000 -0.011 0.000 1.000]]
		[0.85 [1.000 0.000 0.000 0.000 0.000 0.000 1.000 0.000 0.000 -1.000 0.000 0.000 0.000 -0.011 0.000 1.000]]
		[0.875 [1.000 0.000 0.000 0.000 0.000 0.000 1.000 0.000 0.000 -1.000 0.000 0.000 0.000 -0.011 0.000 1.000]]
		[0.9 [1.000 0.000 0.000 0.000 0.000 0.000 1.000 0.000 0.000 -1.000 0.000 0.000 0.000 -0.011 0.000 1.000]]
		[0.925 [1.000 0.000 0.000 0.000 0.000 0.000 1.000 0.000 0.000 -1.000 0.000 0.000 0.000 -0.011 0.000 1.000]]
		[0.95 [1.000 0.000 0.000 0.000 0.000 0.000 1.000 0.000 0.000 -1.000 0.000 0.000 0.000 -0.011 0.000 1.000]]
		[0.975 [1.000 0.000 0.000 0.000 0.000 0.000 1.000 0.000 0.000 -1.000 0.000 0.000 0.000 -0.011 0.000 1.000]]
	]
	"Bedro_L" [
		[0 [0.962 0.271 -0.009 0.000 -0.271 0.962 -0.025 0.000 0.002 0.027 1.000 0.000 0.000 -0.001 0.000 1.000]]
		[0.025 [0.965 0.262 -0.006 0.000 -0.262 0.965 -0.028 0.000 -0.001 0.029 1.000 0.000 0.000 -0.001 0.000 1.000]]
		[0.05 [0.971 0.239 0.000 0.000 -0.239 0.970 -0.034 0.000 -0.008 0.033 0.999 0.000 0.000 -0.001 0.000 1.000]]
		[0.075 [0.977 0.215 0.008 0.000 -0.215 0.976 -0.041 0.000 -0.016 0.039 0.999 0.000 0.000 -0.001 0.000 1.000]]
		[0.1 [0.980 0.198 0.013 0.000 -0.198 0.979 -0.046 0.000 -0.021 0.042 0.999 0.000 0.000 -0.002 0.000 1.000]]
		[0.125 [0.980 0.200 0.012 0.000 -0.199 0.979 -0.045 0.000 -0.021 0.042 0.999 0.000 0.000 -0.002 0.000 1.000]]
		[0.15 [0.973 0.230 0.003 0.000 -0.230 0.972 -0.037 0.000 -0.011 0.035 0.999 0.000 0.000 -0.002 0.000 1.000]]
		[0.175 [0.954 0.298 -0.018 0.000 -0.298 0.954 -0.017 0.000 0.012 0.021 1.000 0.000 0.000 -0.002 0.000 1.000]]
		[0.2 [0.917 0.396 -0.051 0.000 -0.396 0.918 0.021 0.000 0.055 0.001 0.998 0.000 0.000 -0.002 0.000 1.000]]
		[0.225 [0.853 0.513 -0.092 0.000 -0.508 0.858 0.074 0.000 0.117 -0.016 0.993 0.000 0.000 -0.003 0.000 1.000]]
		[0.25 [0.759 0.638 -0.133 0.000 -0.623 0.770 0.137 0.000 0.190 -0.021 0.982 0.000 0.000 -0.003 0.000 1.000]]
		[0.275 [0.632 0.757 -0.166 0.000 -0.729 0.654 0.204 0.000 0.263 -0.009 0.965 0.000 0.000 -0.004 0.000 1.000]]
		[0.3 [0.479 0.858 -0.185 0.000 -0.815 0.513 0.269 0.000 0.326 0.022 0.945 0.000 0.000 -0.004 0.000 1.000]]
		[0.325 [0.307 0.933 -0.187 0.000 -0.878 0.353 0.324 0.000 0.368 0.065 0.927 0.000 0.000 -0.003 0.000 1.000]]
		[0.35 [0.105 0.980 -0.167 0.000 -0.917 0.160 0.365 0.000 0.385 0.114 0.916 0.000 0.000 -0.002 0.000 1.000]]
		[0.375 [-0.155 0.981 -0.120 0.000 -0.913 -0.096 0.397 0.000 0.378 0.171 0.910 0.000 0.000 0.000 0.000 1.000]]
		[0.4 [-0.432 0.900 -0.057 0.000 -0.830 -0.373 0.415 0.000 0.352 0.227 0.908 0.000 0.000 0.002 0.000 1.000]]
		[0.425 [-0.671 0.741 0.008 0.000 -0.672 -0.613 0.416 0.000 0.313 0.274 0.909 0.000 0.000 0.004 0.000 1.000]]
		[0.45 [-0.835 0.547 0.061 0.000 -0.481 -0.778 0.405 0.000 0.269 0.309 0.912 0.000 0.000 0.007 0.000 1.000]]
		[0.475 [-0.920 0.380 0.092 0.000 -0.317 -0.863 0.393 0.000 0.229 0.332 0.915 0.000 0.000 0.009 0.000 1.000]]
		[0.5 [-0.951 0.296 0.095 0.000 -0.238 -0.890 0.390 0.000 0.200 0.348 0.916 0.000 0.000 0.010 0.000 1.000]]
		[0.525 [-0.940 0.335 0.065 0.000 -0.284 -0.873 0.396 0.000 0.190 0.354 0.916 0.000 0.000 0.010 0.000 1.000]]
		[0.55 [-0.883 0.469 0.006 0.000 -0.427 -0.810 0.401 0.000 0.193 0.352 0.916 0.000 0.000 0.010 0.000 1.000]]
		[0.575 [-0.773 0.630 -0.071 0.000 -0.602 -0.694 0.395 0.000 0.199 0.348 0.916 0.000 0.000 0.010 0.000 1.000]]
		[0.6 [-0.620 0.769 -0.156 0.000 -0.759 -0.536 0.369 0.000 0.200 0.348 0.916 0.000 0.000 0.010 0.000 1.000]]
		[0.625 [-0.430 0.871 -0.237 0.000 -0.880 -0.347 0.324 0.000 0.200 0.348 0.916 0.000 0.000 0.010 0.000 1.000]]
		[0.65 [-0.228 0.926 -0.302 0.000 -0.953 -0.148 0.264 0.000 0.200 0.348 0.916 0.000 0.000 0.010 0.000 1.000]]
		[0.675 [-0.102 0.937 -0.333 0.000 -0.975 -0.026 0.223 0.000 0.200 0.348 0.916 0.000 0.000 0.010 0.000 1.000]]
		[0.7 [-0.102 0.937 -0.333 0.000 -0.975 -0.026 0.223 0.000 0.200 0.348 0.916 0.000 0.000 0.010 0.000 1.000]]
		[0.725 [-0.102 0.937 -0.333 0.000 -0.975 -0.026 0.223 0.000 0.200 0.348 0.916 0.000 0.000 0.010 0.000 1.000]]
		[0.75 [-0.102 0.937 -0.333 0.000 -0.975 -0.026 0.223 0.000 0.200 0.348 0.916 0.000 0.000 0.010 0.000 1.000]]
		[0.775 [-0.102 0.937 -0.333 0.000 -0.975 -0.026 0.223 0.000 0.200 0.348 0.916 0.000 0.000 0.010 0.000 1.000]]
		[0.8 [-0.102 0.937 -0.333 0.000 -0.975 -0.026 0.223 0.000 0.200 0.348 0.916 0.000 0.000 0.010 0.000 1.000]]
		[0.825 [-0.102 0.937 -0.333 0.000 -0.975 -0.026 0.223 0.000 0.200 0.348 0.916 0.000 0.000 0.010 0.000 1.000]]
		[0.85 [-0.102 0.937 -0.333 0.000 -0.975 -0.026 0.223 0.000 0.200 0.348 0.916 0.000 0.000 0.010 0.000 1.000]]
		[0.875 [-0.102 0.937 -0.333 0.000 -0.975 -0.026 0.223 0.000 0.200 0.348 0.916 0.000 0.000 0.010 0.000 1.000]]
		[0.9 [-0.102 0.937 -0.333 0.000 -0.975 -0.026 0.223 0.000 0.200 0.348 0.916 0.000 0.000 0.010 0.000 1.000]]
		[0.925 [-0.102 0.937 -0.333 0.000 -0.975 -0.026 0.223 0.000 0.200 0.348 0.916 0.000 0.000 0.010 0.000 1.000]]
		[0.95 [-0.102 0.937 -0.333 0.000 -0.975 -0.026 0.223 0.000 0.200 0.348 0.916 0.000 0.000 0.010 0.000 1.000]]
		[0.975 [-0.102 0.937 -0.333 0.000 -0.975 -0.026 0.223 0.000 0.200 0.348 0.916 0.000 0.000 0.010 0.000 1.000]]
	]
	"Koleno_L" [
		[0 [0.961 0.277 0.013 0.000 -0.277 0.961 0.023 0.000 -0.006 -0.026 1.000 0.000 0.001 -0.001 0.000 1.000]]
		[0.025 [0.958 0.286 0.016 0.000 -0.287 0.958 0.024 0.000 -0.009 -0.027 1.000 0.000 0.001 -0.002 0.000 1.000]]
		[0.05 [0.951 0.308 0.025 0.000 -0.309 0.951 0.024 0.000 -0.016 -0.031 0.999 0.000 0.001 -0.002 0.000 1.000]]
		[0.075 [0.943 0.332 0.035 0.000 -0.333 0.943 0.025 0.000 -0.025 -0.035 0.999 0.000 0.001 -0.002 0.000 1.000]]
		[0.1 [0.937 0.348 0.042 0.000 -0.349 0.937 0.025 0.000 -0.030 -0.038 0.999 0.000 0.001 -0.002 0.000 1.000]]
		[0.125 [0.937 0.346 0.041 0.000 -0.348 0.937 0.025 0.000 -0.030 -0.038 0.999 0.000 0.001 -0.002 0.000 1.000]]
		[0.15 [0.948 0.317 0.029 0.000 -0.318 0.948 0.025 0.000 -0.020 -0.032 0.999 0.000 0.001 -0.002 0.000 1.000]]
		[0.175 [0.968 0.250 0.001 0.000 -0.250 0.968 0.022 0.000 0.005 -0.021 1.000 0.000 0.001 -0.003 0.000 1.000]]
		[0.2 [0.988 0.147 -0.048 0.000 -0.147 0.989 0.015 0.000 0.050 -0.007 0.999 0.000 0.002 -0.003 0.000 1.000]]
		[0.225 [0.994 0.016 -0.112 0.000 -0.016 1.000 0.000 0.000 0.112 0.002 0.994 0.000 0.002 -0.004 0.000 1.000]]
		[0.25 [0.974 -0.136 -0.182 0.000 0.134 0.991 -0.022 0.000 0.183 -0.003 0.983 0.000 0.003 -0.005 -0.001 1.000]]
		[0.275 [0.922 -0.296 -0.249 0.000 0.292 0.955 -0.053 0.000 0.253 -0.024 0.967 0.000 0.003 -0.006 -0.001 1.000]]
		[0.3 [0.837 -0.455 -0.303 0.000 0.450 0.888 -0.090 0.000 0.310 -0.062 0.949 0.000 0.004 -0.007 -0.001 1.000]]
		[0.325 [0.724 -0.601 -0.338 0.000 0.597 0.792 -0.129 0.000 0.346 -0.108 0.932 0.000 0.004 -0.007 -0.002 1.000]]
		[0.35 [0.573 -0.742 -0.348 0.000 0.738 0.652 -0.173 0.000 0.355 -0.158 0.922 0.000 0.004 -0.007 -0.002 1.000]]
		[0.375 [0.350 -0.876 -0.331 0.000 0.873 0.433 -0.225 0.000 0.341 -0.210 0.916 0.000 0.004 -0.007 -0.002 1.000]]
		[0.4 [0.070 -0.953 -0.293 0.000 0.949 0.155 -0.276 0.000 0.308 -0.259 0.915 0.000 0.004 -0.006 -0.002 1.000]]
		[0.425 [-0.216 -0.945 -0.244 0.000 0.940 -0.134 -0.315 0.000 0.265 -0.297 0.917 0.000 0.003 -0.005 -0.002 1.000]]
		[0.45 [-0.456 -0.868 -0.197 0.000 0.862 -0.377 -0.338 0.000 0.219 -0.324 0.920 0.000 0.002 -0.003 -0.002 1.000]]
		[0.475 [-0.615 -0.771 -0.166 0.000 0.768 -0.538 -0.347 0.000 0.178 -0.341 0.923 0.000 0.001 -0.001 -0.002 1.000]]
		[0.5 [-0.682 -0.713 -0.162 0.000 0.716 -0.606 -0.346 0.000 0.148 -0.352 0.924 0.000 0.001 0.000 -0.002 1.000]]
		[0.525 [-0.639 -0.745 -0.193 0.000 0.757 -0.564 -0.329 0.000 0.136 -0.357 0.924 0.000 0.001 0.000 -0.002 1.000]]
		[0.55 [-0.501 -0.830 -0.244 0.000 0.854 -0.429 -0.293 0.000 0.139 -0.355 0.924 0.000 0.002 0.000 -0.002 1.000]]
		[0.575 [-0.321 -0.900 -0.295 0.000 0.936 -0.255 -0.242 0.000 0.143 -0.354 0.924 0.000 0.003 0.000 -0.002 1.000]]
		[0.6 [-0.166 -0.929 -0.331 0.000 0.976 -0.106 -0.190 0.000 0.142 -0.355 0.924 0.000 0.004 0.001 -0.002 1.000]]
		[0.625 [-0.043 -0.934 -0.354 0.000 0.989 0.010 -0.146 0.000 0.140 -0.357 0.924 0.000 0.005 0.002 -0.001 1.000]]
		[0.65 [0.055 -0.928 -0.369 0.000 0.989 0.102 -0.109 0.000 0.139 -0.359 0.923 0.000 0.005 0.003 -0.001 1.000]]
		[0.675 [0.109 -0.920 -0.376 0.000 0.984 0.153 -0.088 0.000 0.139 -0.360 0.923 0.000 0.005 0.004 -0.001 1.000]]
		[0.7 [0.109 -0.920 -0.376 0.000 0.984 0.153 -0.088 0.000 0.139 -0.360 0.923 0.000 0.005 0.004 -0.001 1.000]]
		[0.725 [0.109 -0.920 -0.376 0.000 0.984 0.153 -0.088 0.000 0.139 -0.360 0.923 0.000 0.005 0.004 -0.001 1.000]]
		[0.75 [0.109 -0.920 -0.376 0.000 0.984 0.153 -0.088 0.000 0.139 -0.360 0.923 0.000 0.005 0.004 -0.001 1.000]]
		[0.775 [0.109 -0.920 -0.376 0.000 0.984 0.153 -0.088 0.000 0.139 -0.360 0.923 0.000 0.005 0.004 -0.001 1.000]]
		[0.8 [0.109 -0.920 -0.376 0.000 0.984 0.153 -0.088 0.000 0.139 -0.360 0.923 0.000 0.005 0.004 -0.001 1.000]]
		[0.825 [0.109 -0.920 -0.376 0.000 0.984 0.153 -0.088 0.000 0.139 -0.360 0.923 0.000 0.005 0.004 -0.001 1.000]]
		[0.85 [0.109 -0.920 -0.376 0.000 0.984 0.153 -0.088 0.000 0.139 -0.360 0.923 0.000 0.005 0.004 -0.001 1.000]]
		[0.875 [0.109 -0.920 -0.376 0.000 0.984 0.153 -0.088 0.000 0.139 -0.360 0.923 0.000 0.005 0.004 -0.001 1.000]]
		[0.9 [0.109 -0.920 -0.376 0.000 0.984 0.153 -0.088 0.000 0.139 -0.360 0.923 0.000 0.005 0.004 -0.001 1.000]]
		[0.925 [0.109 -0.920 -0.376 0.000 0.984 0.153 -0.088 0.000 0.139 -0.360 0.923 0.000 0.005 0.004 -0.001 1.000]]
		[0.95 [0.109 -0.920 -0.376 0.000 0.984 0.153 -0.088 0.000 0.139 -0.360 0.923 0.000 0.005 0.004 -0.001 1.000]]
		[0.975 [0.109 -0.920 -0.376 0.000 0.984 0.153 -0.088 0.000 0.139 -0.360 0.923 0.000 0.005 0.004 -0.001 1.000]]
	]
	"Koleno_L_end" [
		[0 [0.961 0.277 0.013 0.000 -0.277 0.961 0.023 0.000 -0.006 -0.026 1.000 0.000 0.000 -0.002 0.000 1.000]]
		[0.025 [0.958 0.286 0.016 0.000 -0.287 0.958 0.024 0.000 -0.009 -0.027 1.000 0.000 0.000 -0.002 0.000 1.000]]
		[0.05 [0.951 0.308 0.025 0.000 -0.309 0.951 0.024 0.000 -0.016 -0.031 0.999 0.000 -0.001 -0.002 0.000 1.000]]
		[0.075 [0.943 0.332 0.035 0.000 -0.333 0.943 0.025 0.000 -0.025 -0.035 0.999 0.000 -0.001 -0.002 0.000 1.000]]
		[0.1 [0.937 0.348 0.042 0.000 -0.349 0.937 0.025 0.000 -0.030 -0.038 0.999 0.000 -0.001 -0.002 0.000 1.000]]
		[0.125 [0.937 0.346 0.041 0.000 -0.348 0.937 0.025 0.000 -0.030 -0.038 0.999 0.000 -0.001 -0.002 0.000 1.000]]
		[0.15 [0.948 0.317 0.029 0.000 -0.318 0.948 0.025 0.000 -0.020 -0.032 0.999 0.000 -0.001 -0.003 0.000 1.000]]
		[0.175 [0.968 0.250 0.001 0.000 -0.250 0.968 0.022 0.000 0.005 -0.021 1.000 0.000 0.000 -0.003 0.000 1.000]]
		[0.2 [0.988 0.147 -0.048 0.000 -0.147 0.989 0.015 0.000 0.050 -0.007 0.999 0.000 0.001 -0.003 0.000 1.000]]
		[0.225 [0.994 0.016 -0.112 0.000 -0.016 1.000 0.000 0.000 0.112 0.002 0.994 0.000 0.002 -0.004 0.000 1.000]]
		[0.25 [0.974 -0.136 -0.182 0.000 0.134 0.991 -0.022 0.000 0.183 -0.003 0.983 0.000 0.004 -0.005 -0.001 1.000]]
		[0.275 [0.922 -0.296 -0.249 0.000 0.292 0.955 -0.053 0.000 0.253 -0.024 0.967 0.000 0.005 -0.006 -0.001 1.000]]
		[0.3 [0.837 -0.455 -0.303 0.000 0.450 0.888 -0.090 0.000 0.310 -0.062 0.949 0.000 0.006 -0.008 -0.002 1.000]]
		[0.325 [0.724 -0.601 -0.338 0.000 0.597 0.792 -0.129 0.000 0.346 -0.108 0.932 0.000 0.008 -0.009 -0.002 1.000]]
		[0.35 [0.573 -0.742 -0.348 0.000 0.738 0.652 -0.173 0.000 0.355 -0.158 0.922 0.000 0.009 -0.009 -0.003 1.000]]
		[0.375 [0.350 -0.876 -0.331 0.000 0.873 0.433 -0.225 0.000 0.341 -0.210 0.916 0.000 0.009 -0.010 -0.003 1.000]]
		[0.4 [0.070 -0.953 -0.293 0.000 0.949 0.155 -0.276 0.000 0.308 -0.259 0.915 0.000 0.009 -0.011 -0.004 1.000]]
		[0.425 [-0.216 -0.945 -0.244 0.000 0.940 -0.134 -0.315 0.000 0.265 -0.297 0.917 0.000 0.008 -0.011 -0.004 1.000]]
		[0.45 [-0.456 -0.868 -0.197 0.000 0.862 -0.377 -0.338 0.000 0.219 -0.324 0.920 0.000 0.007 -0.011 -0.004 1.000]]
		[0.475 [-0.615 -0.771 -0.166 0.000 0.768 -0.538 -0.347 0.000 0.178 -0.341 0.923 0.000 0.006 -0.010 -0.004 1.000]]
		[0.5 [-0.682 -0.713 -0.162 0.000 0.716 -0.606 -0.346 0.000 0.148 -0.352 0.924 0.000 0.005 -0.009 -0.004 1.000]]
		[0.525 [-0.639 -0.745 -0.193 0.000 0.757 -0.564 -0.329 0.000 0.136 -0.357 0.924 0.000 0.006 -0.009 -0.004 1.000]]
		[0.55 [-0.501 -0.830 -0.244 0.000 0.854 -0.429 -0.293 0.000 0.139 -0.355 0.924 0.000 0.007 -0.008 -0.004 1.000]]
		[0.575 [-0.321 -0.900 -0.295 0.000 0.936 -0.255 -0.242 0.000 0.143 -0.354 0.924 0.000 0.008 -0.007 -0.003 1.000]]
		[0.6 [-0.166 -0.929 -0.331 0.000 0.976 -0.106 -0.190 0.000 0.142 -0.355 0.924 0.000 0.010 -0.005 -0.003 1.000]]
		[0.625 [-0.043 -0.934 -0.354 0.000 0.989 0.010 -0.146 0.000 0.140 -0.357 0.924 0.000 0.010 -0.004 -0.002 1.000]]
		[0.65 [0.055 -0.928 -0.369 0.000 0.989 0.102 -0.109 0.000 0.139 -0.359 0.923 0.000 0.011 -0.002 -0.002 1.000]]
		[0.675 [0.109 -0.920 -0.376 0.000 0.984 0.153 -0.088 0.000 0.139 -0.360 0.923 0.000 0.011 -0.001 -0.001 1.000]]
		[0.7 [0.109 -0.920 -0.376 0.000 0.984 0.153 -0.088 0.000 0.139 -0.360 0.923 0.000 0.011 -0.001 -0.001 1.000]]
		[0.725 [0.109 -0.920 -0.376 0.000 0.984 0.153 -0.088 0.000 0.139 -0.360 0.923 0.000 0.011 -0.001 -0.001 1.000]]
		[0.75 [0.109 -0.920 -0.376 0.000 0.984 0.153 -0.088 0.000 0.139 -0.360 0.923 0.000 0.011 -0.001 -0.001 1.000]]
		[0.775 [0.109 -0.920 -0.376 0.000 0.984 0.153 -0.088 0.000 0.139 -0.360 0.923 0.000 0.011 -0.001 -0.001 1.000]]
		[0.8 [0.109 -0.920 -0.376 0.000 0.984 0.153 -0.088 0.000 0.139 -0.360 0.923 0.000 0.011 -0.001 -0.001 1.000]]
		[0.825 [0.109 -0.920 -0.376 0.000 0.984 0.153 -0.088 0.000 0.139 -0.360 0.923 0.000 0.011 -0.001 -0.001 1.000]]
		[0.85 [0.109 -0.920 -0.376 0.000 0.984 0.153 -0.088 0.000 0.139 -0.360 0.923 0.000 0.011 -0.001 -0.001 1.000]]
		[0.875 [0.109 -0.920 -0.376 0.000 0.984 0.153 -0.088 0.000 0.139 -0.360 0.923 0.000 0.011 -0.001 -0.001 1.000]]
		[0.9 [0.109 -0.920 -0.376 0.000 0.984 0.153 -0.088 0.000 0.139 -0.360 0.923 0.000 0.011 -0.001 -0.001 1.000]]
		[0.925 [0.109 -0.920 -0.376 0.000 0.984 0.153 -0.088 0.000 0.139 -0.360 0.923 0.000 0.011 -0.001 -0.001 1.000]]
		[0.95 [0.109 -0.920 -0.376 0.000 0.984 0.153 -0.088 0.000 0.139 -0.360 0.923 0.000 0.011 -0.001 -0.001 1.000]]
		[0.975 [0.109 -0.920 -0.376 0.000 0.984 0.153 -0.088 0.000 0.139 -0.360 0.923 0.000 0.011 -0.001 -0.001 1.000]]
	]
	"Bedro_P" [
		[0 [0.812 0.584 0.014 0.000 -0.584 0.811 0.023 0.000 0.002 -0.027 1.000 0.000 0.000 -0.001 0.000 1.000]]
		[0.025 [0.815 0.579 0.012 0.000 -0.579 0.815 0.026 0.000 0.005 -0.029 1.000 0.000 0.000 -0.001 0.000 1.000]]
		[0.05 [0.824 0.566 0.009 0.000 -0.566 0.824 0.035 0.000 0.012 -0.033 0.999 0.000 0.000 -0.001 0.000 1.000]]
		[0.075 [0.834 0.552 0.004 0.000 -0.552 0.833 0.043 0.000 0.020 -0.039 0.999 0.000 0.000 -0.001 0.000 1.000]]
		[0.1 [0.840 0.543 0.002 0.000 -0.542 0.839 0.049 0.000 0.025 -0.042 0.999 0.000 0.000 -0.002 0.000 1.000]]
		[0.125 [0.839 0.544 0.002 0.000 -0.543 0.838 0.049 0.000 0.025 -0.042 0.999 0.000 0.000 -0.002 0.000 1.000]]
		[0.15 [0.828 0.561 0.007 0.000 -0.561 0.827 0.038 0.000 0.015 -0.035 0.999 0.000 0.000 -0.002 0.000 1.000]]
		[0.175 [0.801 0.598 0.019 0.000 -0.599 0.801 0.012 0.000 -0.008 -0.021 1.000 0.000 0.000 -0.002 0.000 1.000]]
		[0.2 [0.761 0.647 0.040 0.000 -0.646 0.762 -0.032 0.000 -0.051 -0.001 0.999 0.000 0.000 -0.002 0.000 1.000]]
		[0.225 [0.709 0.702 0.070 0.000 -0.696 0.712 -0.091 0.000 -0.113 0.016 0.993 0.000 0.000 -0.003 0.000 1.000]]
		[0.25 [0.639 0.762 0.105 0.000 -0.746 0.647 -0.155 0.000 -0.186 0.021 0.982 0.000 0.000 -0.003 0.000 1.000]]
		[0.275 [0.549 0.824 0.140 0.000 -0.795 0.566 -0.218 0.000 -0.259 0.008 0.966 0.000 0.000 -0.004 0.000 1.000]]
		[0.3 [0.435 0.884 0.169 0.000 -0.841 0.466 -0.275 0.000 -0.322 -0.022 0.946 0.000 0.000 -0.004 0.000 1.000]]
		[0.325 [0.298 0.937 0.182 0.000 -0.882 0.344 -0.322 0.000 -0.365 -0.065 0.929 0.000 0.000 -0.003 0.000 1.000]]
		[0.35 [0.118 0.978 0.172 0.000 -0.917 0.174 -0.359 0.000 -0.381 -0.115 0.917 0.000 0.000 -0.002 0.000 1.000]]
		[0.375 [-0.133 0.983 0.130 0.000 -0.918 -0.072 -0.391 0.000 -0.374 -0.172 0.911 0.000 0.000 0.000 0.000 1.000]]
		[0.4 [-0.412 0.909 0.069 0.000 -0.842 -0.350 -0.410 0.000 -0.348 -0.227 0.909 0.000 0.000 0.002 0.000 1.000]]
		[0.425 [-0.658 0.753 0.003 0.000 -0.686 -0.598 -0.413 0.000 -0.309 -0.274 0.911 0.000 0.000 0.004 0.000 1.000]]
		[0.45 [-0.830 0.556 -0.053 0.000 -0.491 -0.772 -0.404 0.000 -0.265 -0.309 0.913 0.000 0.000 0.007 0.000 1.000]]
		[0.475 [-0.920 0.383 -0.087 0.000 -0.321 -0.862 -0.392 0.000 -0.225 -0.332 0.916 0.000 0.000 0.009 0.000 1.000]]
		[0.5 [-0.951 0.295 -0.092 0.000 -0.239 -0.890 -0.389 0.000 -0.196 -0.348 0.917 0.000 0.000 0.010 0.000 1.000]]
		[0.525 [-0.940 0.335 -0.061 0.000 -0.285 -0.873 -0.395 0.000 -0.186 -0.354 0.917 0.000 0.000 0.010 0.000 1.000]]
		[0.55 [-0.884 0.468 -0.003 0.000 -0.428 -0.810 -0.400 0.000 -0.189 -0.352 0.917 0.000 0.000 0.010 0.000 1.000]]
		[0.575 [-0.773 0.630 0.075 0.000 -0.603 -0.694 -0.392 0.000 -0.195 -0.348 0.917 0.000 0.000 0.010 0.000 1.000]]
		[0.6 [-0.619 0.769 0.159 0.000 -0.760 -0.537 -0.366 0.000 -0.196 -0.348 0.917 0.000 0.000 0.010 0.000 1.000]]
		[0.625 [-0.429 0.871 0.238 0.000 -0.882 -0.347 -0.320 0.000 -0.196 -0.348 0.917 0.000 0.000 0.010 0.000 1.000]]
		[0.65 [-0.227 0.926 0.303 0.000 -0.954 -0.149 -0.261 0.000 -0.196 -0.348 0.917 0.000 0.000 0.010 0.000 1.000]]
		[0.675 [-0.101 0.937 0.334 0.000 -0.975 -0.027 -0.219 0.000 -0.196 -0.348 0.917 0.000 0.000 0.010 0.000 1.000]]
		[0.7 [-0.101 0.937 0.334 0.000 -0.975 -0.027 -0.219 0.000 -0.196 -0.348 0.917 0.000 0.000 0.010 0.000 1.000]]
		[0.725 [-0.101 0.937 0.334 0.000 -0.975 -0.027 -0.219 0.000 -0.196 -0.348 0.917 0.000 0.000 0.010 0.000 1.000]]
		[0.75 [-0.101 0.937 0.334 0.000 -0.975 -0.027 -0.219 0.000 -0.196 -0.348 0.917 0.000 0.000 0.010 0.000 1.000]]
		[0.775 [-0.101 0.937 0.334 0.000 -0.975 -0.027 -0.219 0.000 -0.196 -0.348 0.917 0.000 0.000 0.010 0.000 1.000]]
		[0.8 [-0.101 0.937 0.334 0.000 -0.975 -0.027 -0.219 0.000 -0.196 -0.348 0.917 0.000 0.000 0.010 0.000 1.000]]
		[0.825 [-0.101 0.937 0.334 0.000 -0.975 -0.027 -0.219 0.000 -0.196 -0.348 0.917 0.000 0.000 0.010 0.000 1.000]]
		[0.85 [-0.101 0.937 0.334 0.000 -0.975 -0.027 -0.219 0.000 -0.196 -0.348 0.917 0.000 0.000 0.010 0.000 1.000]]
		[0.875 [-0.101 0.937 0.334 0.000 -0.975 -0.027 -0.219 0.000 -0.196 -0.348 0.917 0.000 0.000 0.010 0.000 1.000]]
		[0.9 [-0.101 0.937 0.334 0.000 -0.975 -0.027 -0.219 0.000 -0.196 -0.348 0.917 0.000 0.000 0.010 0.000 1.000]]
		[0.925 [-0.101 0.937 0.334 0.000 -0.975 -0.027 -0.219 0.000 -0.196 -0.348 0.917 0.000 0.000 0.010 0.000 1.000]]
		[0.95 [-0.101 0.937 0.334 0.000 -0.975 -0.027 -0.219 0.000 -0.196 -0.348 0.917 0.000 0.000 0.010 0.000 1.000]]
		[0.975 [-0.101 0.937 0.334 0.000 -0.975 -0.027 -0.219 0.000 -0.196 -0.348 0.917 0.000 0.000 0.010 0.000 1.000]]
	]
	"Koleno_P" [
		[0 [0.694 0.720 -0.011 0.000 -0.720 0.694 -0.011 0.000 -0.001 0.016 1.000 0.000 0.003 -0.002 0.000 1.000]]
		[0.025 [0.683 0.730 -0.014 0.000 -0.731 0.683 -0.010 0.000 0.002 0.017 1.000 0.000 0.003 -0.003 0.000 1.000]]
		[0.05 [0.657 0.753 -0.022 0.000 -0.754 0.657 -0.006 0.000 0.010 0.021 1.000 0.000 0.003 -0.003 0.000 1.000]]
		[0.075 [0.628 0.778 -0.031 0.000 -0.778 0.628 -0.001 0.000 0.019 0.025 1.000 0.000 0.003 -0.003 0.000 1.000]]
		[0.1 [0.608 0.793 -0.037 0.000 -0.794 0.608 0.003 0.000 0.024 0.028 0.999 0.000 0.003 -0.003 0.000 1.000]]
		[0.125 [0.610 0.792 -0.036 0.000 -0.792 0.610 0.002 0.000 0.024 0.027 0.999 0.000 0.003 -0.003 0.000 1.000]]
		[0.15 [0.646 0.763 -0.026 0.000 -0.763 0.647 -0.004 0.000 0.013 0.022 1.000 0.000 0.003 -0.003 0.000 1.000]]
		[0.175 [0.724 0.690 0.000 0.000 -0.690 0.724 -0.016 0.000 -0.011 0.011 1.000 0.000 0.003 -0.004 0.000 1.000]]
		[0.2 [0.829 0.558 0.049 0.000 -0.557 0.830 -0.030 0.000 -0.058 -0.002 0.998 0.000 0.003 -0.004 0.000 1.000]]
		[0.225 [0.924 0.365 0.117 0.000 -0.364 0.931 -0.035 0.000 -0.121 -0.010 0.993 0.000 0.003 -0.005 0.001 1.000]]
		[0.25 [0.973 0.125 0.193 0.000 -0.124 0.992 -0.020 0.000 -0.194 -0.005 0.981 0.000 0.004 -0.006 0.001 1.000]]
		[0.275 [0.955 -0.135 0.264 0.000 0.135 0.991 0.018 0.000 -0.264 0.018 0.964 0.000 0.004 -0.007 0.001 1.000]]
		[0.3 [0.867 -0.383 0.319 0.000 0.380 0.922 0.073 0.000 -0.322 0.057 0.945 0.000 0.004 -0.007 0.002 1.000]]
		[0.325 [0.729 -0.588 0.349 0.000 0.583 0.802 0.133 0.000 -0.358 0.106 0.928 0.000 0.004 -0.008 0.002 1.000]]
		[0.35 [0.554 -0.754 0.352 0.000 0.747 0.637 0.189 0.000 -0.367 0.158 0.917 0.000 0.004 -0.007 0.002 1.000]]
		[0.375 [0.314 -0.890 0.330 0.000 0.882 0.402 0.247 0.000 -0.352 0.213 0.911 0.000 0.004 -0.007 0.002 1.000]]
		[0.4 [0.031 -0.957 0.289 0.000 0.947 0.121 0.297 0.000 -0.319 0.264 0.910 0.000 0.004 -0.006 0.002 1.000]]
		[0.425 [-0.246 -0.939 0.241 0.000 0.930 -0.159 0.332 0.000 -0.273 0.305 0.912 0.000 0.003 -0.005 0.002 1.000]]
		[0.45 [-0.473 -0.859 0.197 0.000 0.852 -0.388 0.351 0.000 -0.225 0.334 0.915 0.000 0.002 -0.003 0.002 1.000]]
		[0.475 [-0.621 -0.765 0.170 0.000 0.762 -0.540 0.357 0.000 -0.182 0.351 0.918 0.000 0.001 -0.001 0.002 1.000]]
		[0.5 [-0.684 -0.710 0.168 0.000 0.714 -0.603 0.355 0.000 -0.151 0.362 0.920 0.000 0.001 0.000 0.002 1.000]]
		[0.525 [-0.641 -0.742 0.199 0.000 0.755 -0.562 0.339 0.000 -0.140 0.367 0.920 0.000 0.001 0.000 0.002 1.000]]
		[0.55 [-0.503 -0.827 0.250 0.000 0.852 -0.426 0.303 0.000 -0.144 0.365 0.920 0.000 0.002 0.000 0.002 1.000]]
		[0.575 [-0.323 -0.897 0.301 0.000 0.934 -0.252 0.252 0.000 -0.150 0.363 0.920 0.000 0.003 0.000 0.002 1.000]]
		[0.6 [-0.168 -0.926 0.337 0.000 0.974 -0.103 0.201 0.000 -0.151 0.362 0.920 0.000 0.004 0.001 0.002 1.000]]
		[0.625 [-0.045 -0.932 0.360 0.000 0.988 0.013 0.157 0.000 -0.151 0.362 0.920 0.000 0.005 0.002 0.001 1.000]]
		[0.65 [0.053 -0.926 0.374 0.000 0.987 0.105 0.121 0.000 -0.151 0.362 0.920 0.000 0.005 0.003 0.001 1.000]]
		[0.675 [0.108 -0.919 0.380 0.000 0.983 0.156 0.100 0.000 -0.151 0.362 0.920 0.000 0.005 0.004 0.001 1.000]]
		[0.7 [0.108 -0.919 0.380 0.000 0.983 0.156 0.100 0.000 -0.151 0.362 0.920 0.000 0.005 0.004 0.001 1.000]]
		[0.725 [0.108 -0.919 0.380 0.000 0.983 0.156 0.100 0.000 -0.151 0.362 0.920 0.000 0.005 0.004 0.001 1.000]]
		[0.75 [0.108 -0.919 0.380 0.000 0.983 0.156 0.100 0.000 -0.151 0.362 0.920 0.000 0.005 0.004 0.001 1.000]]
		[0.775 [0.108 -0.919 0.380 0.000 0.983 0.156 0.100 0.000 -0.151 0.362 0.920 0.000 0.005 0.004 0.001 1.000]]
		[0.8 [0.108 -0.919 0.380 0.000 0.983 0.156 0.100 0.000 -0.151 0.362 0.920 0.000 0.005 0.004 0.001 1.000]]
		[0.825 [0.108 -0.919 0.380 0.000 0.983 0.156 0.100 0.000 -0.151 0.362 0.920 0.000 0.005 0.004 0.001 1.000]]
		[0.85 [0.108 -0.919 0.380 0.000 0.983 0.156 0.100 0.000 -0.151 0.362 0.920 0.000 0.005 0.004 0.001 1.000]]
		[0.875 [0.108 -0.919 0.380 0.000 0.983 0.156 0.100 0.000 -0.151 0.362 0.920 0.000 0.005 0.004 0.001 1.000]]
		[0.9 [0.108 -0.919 0.380 0.000 0.983 0.156 0.100 0.000 -0.151 0.362 0.920 0.000 0.005 0.004 0.001 1.000]]
		[0.925 [0.108 -0.919 0.380 0.000 0.983 0.156 0.100 0.000 -0.151 0.362 0.920 0.000 0.005 0.004 0.001 1.000]]
		[0.95 [0.108 -0.919 0.380 0.000 0.983 0.156 0.100 0.000 -0.151 0.362 0.920 0.000 0.005 0.004 0.001 1.000]]
		[0.975 [0.108 -0.919 0.380 0.000 0.983 0.156 0.100 0.000 -0.151 0.362 0.920 0.000 0.005 0.004 0.001 1.000]]
	]
	"Koleno_P_end" [
		[0 [0.694 0.720 -0.011 0.000 -0.720 0.694 -0.011 0.000 -0.001 0.016 1.000 0.000 -0.001 -0.004 0.000 1.000]]
		[0.025 [0.683 0.730 -0.014 0.000 -0.731 0.683 -0.010 0.000 0.002 0.017 1.000 0.000 -0.001 -0.004 0.000 1.000]]
		[0.05 [0.657 0.753 -0.022 0.000 -0.754 0.657 -0.006 0.000 0.010 0.021 1.000 0.000 -0.002 -0.005 0.000 1.000]]
		[0.075 [0.628 0.778 -0.031 0.000 -0.778 0.628 -0.001 0.000 0.019 0.025 1.000 0.000 -0.002 -0.005 0.000 1.000]]
		[0.1 [0.608 0.793 -0.037 0.000 -0.794 0.608 0.003 0.000 0.024 0.028 0.999 0.000 -0.002 -0.005 0.000 1.000]]
		[0.125 [0.610 0.792 -0.036 0.000 -0.792 0.610 0.002 0.000 0.024 0.027 0.999 0.000 -0.002 -0.005 0.000 1.000]]
		[0.15 [0.646 0.763 -0.026 0.000 -0.763 0.647 -0.004 0.000 0.013 0.022 1.000 0.000 -0.002 -0.005 0.000 1.000]]
		[0.175 [0.724 0.690 0.000 0.000 -0.690 0.724 -0.016 0.000 -0.011 0.011 1.000 0.000 -0.001 -0.005 0.000 1.000]]
		[0.2 [0.829 0.558 0.049 0.000 -0.557 0.830 -0.030 0.000 -0.058 -0.002 0.998 0.000 0.000 -0.005 0.000 1.000]]
		[0.225 [0.924 0.365 0.117 0.000 -0.364 0.931 -0.035 0.000 -0.121 -0.010 0.993 0.000 0.001 -0.005 0.000 1.000]]
		[0.25 [0.973 0.125 0.193 0.000 -0.124 0.992 -0.020 0.000 -0.194 -0.005 0.981 0.000 0.003 -0.006 0.001 1.000]]
		[0.275 [0.955 -0.135 0.264 0.000 0.135 0.991 0.018 0.000 -0.264 0.018 0.964 0.000 0.005 -0.007 0.001 1.000]]
		[0.3 [0.867 -0.383 0.319 0.000 0.380 0.922 0.073 0.000 -0.322 0.057 0.945 0.000 0.006 -0.008 0.002 1.000]]
		[0.325 [0.729 -0.588 0.349 0.000 0.583 0.802 0.133 0.000 -0.358 0.106 0.928 0.000 0.008 -0.009 0.003 1.000]]
		[0.35 [0.554 -0.754 0.352 0.000 0.747 0.637 0.189 0.000 -0.367 0.158 0.917 0.000 0.009 -0.009 0.003 1.000]]
		[0.375 [0.314 -0.890 0.330 0.000 0.882 0.402 0.247 0.000 -0.352 0.213 0.911 0.000 0.009 -0.010 0.003 1.000]]
		[0.4 [0.031 -0.957 0.289 0.000 0.947 0.121 0.297 0.000 -0.319 0.264 0.910 0.000 0.009 -0.011 0.004 1.000]]
		[0.425 [-0.246 -0.939 0.241 0.000 0.930 -0.159 0.332 0.000 -0.273 0.305 0.912 0.000 0.008 -0.011 0.004 1.000]]
		[0.45 [-0.473 -0.859 0.197 0.000 0.852 -0.388 0.351 0.000 -0.225 0.334 0.915 0.000 0.007 -0.011 0.004 1.000]]
		[0.475 [-0.621 -0.765 0.170 0.000 0.762 -0.540 0.357 0.000 -0.182 0.351 0.918 0.000 0.006 -0.010 0.004 1.000]]
		[0.5 [-0.684 -0.710 0.168 0.000 0.714 -0.603 0.355 0.000 -0.151 0.362 0.920 0.000 0.005 -0.009 0.004 1.000]]
		[0.525 [-0.641 -0.742 0.199 0.000 0.755 -0.562 0.339 0.000 -0.140 0.367 0.920 0.000 0.006 -0.009 0.004 1.000]]
		[0.55 [-0.503 -0.827 0.250 0.000 0.852 -0.426 0.303 0.000 -0.144 0.365 0.920 0.000 0.007 -0.008 0.004 1.000]]
		[0.575 [-0.323 -0.897 0.301 0.000 0.934 -0.252 0.252 0.000 -0.150 0.363 0.920 0.000 0.008 -0.007 0.003 1.000]]
		[0.6 [-0.168 -0.926 0.337 0.000 0.974 -0.103 0.201 0.000 -0.151 0.362 0.920 0.000 0.009 -0.005 0.003 1.000]]
		[0.625 [-0.045 -0.932 0.360 0.000 0.988 0.013 0.157 0.000 -0.151 0.362 0.920 0.000 0.010 -0.004 0.002 1.000]]
		[0.65 [0.053 -0.926 0.374 0.000 0.987 0.105 0.121 0.000 -0.151 0.362 0.920 0.000 0.011 -0.002 0.002 1.000]]
		[0.675 [0.108 -0.919 0.380 0.000 0.983 0.156 0.100 0.000 -0.151 0.362 0.920 0.000 0.011 -0.001 0.002 1.000]]
		[0.7 [0.108 -0.919 0.380 0.000 0.983 0.156 0.100 0.000 -0.151 0.362 0.920 0.000 0.011 -0.001 0.002 1.000]]
		[0.725 [0.108 -0.919 0.380 0.000 0.983 0.156 0.100 0.000 -0.151 0.362 0.920 0.000 0.011 -0.001 0.002 1.000]]
		[0.75 [0.108 -0.919 0.380 0.000 0.983 0.156 0.100 0.000 -0.151 0.362 0.920 0.000 0.011 -0.001 0.002 1.000]]
		[0.775 [0.108 -0.919 0.380 0.000 0.983 0.156 0.100 0.000 -0.151 0.362 0.920 0.000 0.011 -0.001 0.002 1.000]]
		[0.8 [0.108 -0.919 0.380 0.000 0.983 0.156 0.100 0.000 -0.151 0.362 0.920 0.000 0.011 -0.001 0.002 1.000]]
		[0.825 [0.108 -0.919 0.380 0.000 0.983 0.156 0.100 0.000 -0.151 0.362 0.920 0.000 0.011 -0.001 0.002 1.000]]
		[0.85 [0.108 -0.919 0.380 0.000 0.983 0.156 0.100 0.000 -0.151 0.362 0.920 0.000 0.011 -0.001 0.002 1.000]]
		[0.875 [0.108 -0.919 0.380 0.000 0.983 0.156 0.100 0.000 -0.151 0.362 0.920 0.000 0.011 -0.001 0.002 1.000]]
		[0.9 [0.108 -0.919 0.380 0.000 0.983 0.156 0.100 0.000 -0.151 0.362 0.920 0.000 0.011 -0.001 0.002 1.000]]
		[0.925 [0.108 -0.919 0.380 0.000 0.983 0.156 0.100 0.000 -0.151 0.362 0.920 0.000 0.011 -0.001 0.002 1.000]]
		[0.95 [0.108 -0.919 0.380 0.000 0.983 0.156 0.100 0.000 -0.151 0.362 0.920 0.000 0.011 -0.001 0.002 1.000]]
		[0.975 [0.108 -0.919 0.380 0.000 0.983 0.156 0.100 0.000 -0.151 0.362 0.920 0.000 0.011 -0.001 0.002 1.000]]
	]
	"Tors" [
		[0 [1.000 0.000 0.000 0.000 0.000 1.000 0.000 0.000 0.000 0.000 1.000 0.000 0.000 0.001 0.000 1.000]]
		[0.025 [1.000 0.000 0.000 0.000 0.000 0.996 -0.090 0.000 0.000 0.090 0.996 0.000 0.000 0.001 0.000 1.000]]
		[0.05 [1.000 0.000 0.000 0.000 0.000 0.981 -0.194 0.000 0.000 0.194 0.981 0.000 0.000 0.001 0.000 1.000]]
		[0.075 [1.000 0.000 0.000 0.000 0.000 0.954 -0.299 0.000 0.000 0.299 0.954 0.000 0.000 0.001 0.000 1.000]]
		[0.1 [1.000 0.000 0.000 0.000 0.000 0.920 -0.391 0.000 0.000 0.391 0.920 0.000 0.000 0.002 0.000 1.000]]
		[0.125 [1.000 0.000 0.000 0.000 0.000 0.888 -0.461 0.000 0.000 0.461 0.888 0.000 0.000 0.002 0.000 1.000]]
		[0.15 [1.000 0.000 0.000 0.000 0.000 0.867 -0.498 0.000 0.000 0.498 0.867 0.000 0.000 0.002 0.000 1.000]]
		[0.175 [1.000 0.000 0.000 0.000 0.000 0.869 -0.494 0.000 0.000 0.494 0.869 0.000 0.000 0.002 0.000 1.000]]
		[0.2 [1.000 0.000 0.000 0.000 0.000 0.890 -0.456 0.000 0.000 0.456 0.890 0.000 0.000 0.002 0.000 1.000]]
		[0.225 [1.000 0.000 0.000 0.000 0.000 0.922 -0.387 0.000 0.000 0.387 0.922 0.000 0.000 0.003 0.000 1.000]]
		[0.25 [1.000 0.000 0.000 0.000 0.000 0.957 -0.290 0.000 0.000 0.290 0.957 0.000 0.000 0.003 0.000 1.000]]
		[0.275 [1.000 0.000 0.000 0.000 0.000 0.986 -0.169 0.000 0.000 0.169 0.986 0.000 0.000 0.004 0.001 1.000]]
		[0.3 [1.000 0.000 0.000 0.000 0.000 1.000 -0.029 0.000 0.000 0.029 1.000 0.000 0.000 0.004 0.001 1.000]]
		[0.325 [1.000 0.000 0.000 0.000 0.000 0.993 0.121 0.000 0.000 -0.121 0.993 0.000 0.000 0.003 0.001 1.000]]
		[0.35 [1.000 0.000 0.000 0.000 0.000 0.958 0.288 0.000 0.000 -0.288 0.958 0.000 0.000 0.002 0.001 1.000]]
		[0.375 [1.000 0.000 0.000 0.000 0.000 0.874 0.486 0.000 0.000 -0.486 0.874 0.000 0.000 0.000 0.001 1.000]]
		[0.4 [1.000 0.000 0.000 0.000 0.000 0.732 0.681 0.000 0.000 -0.681 0.732 0.000 0.000 -0.003 0.001 1.000]]
		[0.425 [1.000 0.000 0.000 0.000 0.000 0.541 0.841 0.000 0.000 -0.841 0.541 0.000 0.000 -0.005 0.001 1.000]]
		[0.45 [1.000 0.000 0.000 0.000 0.000 0.332 0.943 0.000 0.000 -0.943 0.332 0.000 0.000 -0.008 0.001 1.000]]
		[0.475 [1.000 0.000 0.000 0.000 0.000 0.140 0.990 0.000 0.000 -0.990 0.140 0.000 0.000 -0.010 0.001 1.000]]
		[0.5 [1.000 0.000 0.000 0.000 0.000 0.000 1.000 0.000 0.000 -1.000 0.000 0.000 0.000 -0.012 0.001 1.000]]
		[0.525 [1.000 0.000 0.000 0.000 0.000 -0.051 0.999 0.000 0.000 -0.999 -0.051 0.000 0.000 -0.012 0.001 1.000]]
		[0.55 [1.000 0.000 0.000 0.000 0.000 -0.034 0.999 0.000 0.000 -0.999 -0.034 0.000 0.000 -0.012 0.001 1.000]]
		[0.575 [1.000 0.000 0.000 0.000 0.000 -0.004 1.000 0.000 0.000 -1.000 -0.004 0.000 0.000 -0.011 0.001 1.000]]
		[0.6 [1.000 0.000 0.000 0.000 0.000 0.000 1.000 0.000 0.000 -1.000 0.000 0.000 0.000 -0.011 0.001 1.000]]
		[0.625 [1.000 0.000 0.000 0.000 0.000 0.000 1.000 0.000 0.000 -1.000 0.000 0.000 0.000 -0.011 0.001 1.000]]
		[0.65 [1.000 0.000 0.000 0.000 0.000 0.000 1.000 0.000 0.000 -1.000 0.000 0.000 0.000 -0.012 0.001 1.000]]
		[0.675 [1.000 0.000 0.000 0.000 0.000 0.000 1.000 0.000 0.000 -1.000 0.000 0.000 0.000 -0.012 0.001 1.000]]
		[0.7 [1.000 0.000 0.000 0.000 0.000 0.000 1.000 0.000 0.000 -1.000 0.000 0.000 0.000 -0.012 0.001 1.000]]
		[0.725 [1.000 0.000 0.000 0.000 0.000 0.000 1.000 0.000 0.000 -1.000 0.000 0.000 0.000 -0.012 0.001 1.000]]
		[0.75 [1.000 0.000 0.000 0.000 0.000 0.000 1.000 0.000 0.000 -1.000 0.000 0.000 0.000 -0.012 0.001 1.000]]
		[0.775 [1.000 0.000 0.000 0.000 0.000 0.000 1.000 0.000 0.000 -1.000 0.000 0.000 0.000 -0.012 0.001 1.000]]
		[0.8 [1.000 0.000 0.000 0.000 0.000 0.000 1.000 0.000 0.000 -1.000 0.000 0.000 0.000 -0.012 0.001 1.000]]
		[0.825 [1.000 0.000 0.000 0.000 0.000 0.000 1.000 0.000 0.000 -1.000 0.000 0.000 0.000 -0.012 0.001 1.000]]
		[0.85 [1.000 0.000 0.000 0.000 0.000 0.000 1.000 0.000 0.000 -1.000 0.000 0.000 0.000 -0.012 0.001 1.000]]
		[0.875 [1.000 0.000 0.000 0.000 0.000 0.000 1.000 0.000 0.000 -1.000 0.000 0.000 0.000 -0.012 0.001 1.000]]
		[0.9 [1.000 0.000 0.000 0.000 0.000 0.000 1.000 0.000 0.000 -1.000 0.000 0.000 0.000 -0.012 0.001 1.000]]
		[0.925 [1.000 0.000 0.000 0.000 0.000 0.000 1.000 0.000 0.000 -1.000 0.000 0.000 0.000 -0.012 0.001 1.000]]
		[0.95 [1.000 0.000 0.000 0.000 0.000 0.000 1.000 0.000 0.000 -1.000 0.000 0.000 0.000 -0.012 0.001 1.000]]
		[0.975 [1.000 0.000 0.000 0.000 0.000 0.000 1.000 0.000 0.000 -1.000 0.000 0.000 0.000 -0.012 0.001 1.000]]
	]
	"Golova" [
		[0 [1.000 0.000 0.000 0.000 0.000 0.985 -0.174 0.000 0.000 0.174 0.985 0.000 0.000 0.001 0.000 1.000]]
		[0.025 [1.000 0.000 0.000 0.000 0.000 0.948 -0.318 0.000 0.000 0.318 0.948 0.000 0.000 0.001 -0.001 1.000]]
		[0.05 [1.000 0.000 0.000 0.000 0.000 0.879 -0.477 0.000 0.000 0.477 0.879 0.000 0.000 0.001 -0.001 1.000]]
		[0.075 [1.000 0.000 0.000 0.000 0.000 0.781 -0.624 0.000 0.000 0.624 0.781 0.000 0.000 0.001 -0.002 1.000]]
		[0.1 [1.000 0.000 0.000 0.000 0.000 0.670 -0.742 0.000 0.000 0.742 0.670 0.000 0.000 0.001 -0.002 1.000]]
		[0.125 [1.000 0.000 0.000 0.000 0.000 0.570 -0.821 0.000 0.000 0.821 0.570 0.000 0.000 0.001 -0.003 1.000]]
		[0.15 [1.000 0.000 0.000 0.000 0.000 0.508 -0.861 0.000 0.000 0.861 0.508 0.000 0.000 0.001 -0.003 1.000]]
		[0.175 [1.000 0.000 0.000 0.000 0.000 0.507 -0.862 0.000 0.000 0.862 0.507 0.000 0.000 0.001 -0.003 1.000]]
		[0.2 [1.000 0.000 0.000 0.000 0.000 0.568 -0.823 0.000 0.000 0.823 0.568 0.000 0.000 0.002 -0.003 1.000]]
		[0.225 [1.000 0.000 0.000 0.000 0.000 0.670 -0.742 0.000 0.000 0.742 0.670 0.000 0.000 0.002 -0.002 1.000]]
		[0.25 [1.000 0.000 0.000 0.000 0.000 0.787 -0.617 0.000 0.000 0.617 0.787 0.000 0.000 0.003 -0.001 1.000]]
		[0.275 [1.000 0.000 0.000 0.000 0.000 0.892 -0.452 0.000 0.000 0.452 0.892 0.000 0.000 0.004 0.000 1.000]]
		[0.3 [1.000 0.000 0.000 0.000 0.000 0.966 -0.259 0.000 0.000 0.259 0.966 0.000 0.000 0.004 0.000 1.000]]
		[0.325 [1.000 0.000 0.000 0.000 0.000 0.998 -0.063 0.000 0.000 0.063 0.998 0.000 0.000 0.003 0.002 1.000]]
		[0.35 [1.000 0.000 0.000 0.000 0.000 0.992 0.128 0.000 0.000 -0.128 0.992 0.000 0.000 0.002 0.003 1.000]]
		[0.375 [1.000 0.000 0.000 0.000 0.000 0.942 0.334 0.000 0.000 -0.334 0.942 0.000 0.000 -0.001 0.004 1.000]]
		[0.4 [1.000 0.000 0.000 0.000 0.000 0.844 0.537 0.000 0.000 -0.537 0.844 0.000 0.000 -0.004 0.005 1.000]]
		[0.425 [1.000 0.000 0.000 0.000 0.000 0.700 0.715 0.000 0.000 -0.715 0.700 0.000 0.000 -0.008 0.006 1.000]]
		[0.45 [1.000 0.000 0.000 0.000 0.000 0.525 0.851 0.000 0.000 -0.851 0.525 0.000 0.000 -0.012 0.007 1.000]]
		[0.475 [1.000 0.000 0.000 0.000 0.000 0.342 0.940 0.000 0.000 -0.940 0.342 0.000 0.000 -0.015 0.007 1.000]]
		[0.5 [1.000 0.000 0.000 0.000 0.000 0.174 0.985 0.000 0.000 -0.985 0.174 0.000 0.000 -0.018 0.007 1.000]]
		[0.525 [0.999 0.033 0.002 0.000 -0.002 0.006 1.000 0.000 0.033 -0.999 0.006 0.000 0.000 -0.018 0.007 1.000]]
		[0.55 [0.997 0.075 0.003 0.000 0.008 -0.139 0.990 0.000 0.075 -0.987 -0.139 0.000 0.000 -0.018 0.007 1.000]]
		[0.575 [0.999 0.042 0.001 0.000 0.007 -0.194 0.981 0.000 0.041 -0.980 -0.194 0.000 0.000 -0.017 0.007 1.000]]
		[0.6 [0.990 -0.142 0.000 0.000 0.000 -0.001 1.000 0.000 -0.142 -0.990 -0.001 0.000 0.000 -0.017 0.007 1.000]]
		[0.625 [0.897 -0.442 0.001 0.000 0.082 0.167 0.983 0.000 -0.435 -0.881 0.186 0.000 0.000 -0.017 0.007 1.000]]
		[0.65 [0.681 -0.732 0.000 0.000 0.061 0.057 0.996 0.000 -0.729 -0.679 0.084 0.000 0.000 -0.018 0.007 1.000]]
		[0.675 [0.500 -0.866 0.000 0.000 0.000 0.000 1.000 0.000 -0.866 -0.500 0.000 0.000 0.000 -0.018 0.007 1.000]]
		[0.7 [0.500 -0.866 0.000 0.000 0.000 0.000 1.000 0.000 -0.866 -0.500 0.000 0.000 0.000 -0.018 0.007 1.000]]
		[0.725 [0.500 -0.866 0.000 0.000 0.000 0.000 1.000 0.000 -0.866 -0.500 0.000 0.000 0.000 -0.018 0.007 1.000]]
		[0.75 [0.500 -0.866 0.000 0.000 0.000 0.000 1.000 0.000 -0.866 -0.500 0.000 0.000 0.000 -0.018 0.007 1.000]]
		[0.775 [0.500 -0.866 0.000 0.000 0.000 0.000 1.000 0.000 -0.866 -0.500 0.000 0.000 0.000 -0.018 0.007 1.000]]
		[0.8 [0.500 -0.866 0.000 0.000 0.000 0.000 1.000 0.000 -0.866 -0.500 0.000 0.000 0.000 -0.018 0.007 1.000]]
		[0.825 [0.500 -0.866 0.000 0.000 0.000 0.000 1.000 0.000 -0.866 -0.500 0.000 0.000 0.000 -0.018 0.007 1.000]]
		[0.85 [0.500 -0.866 0.000 0.000 0.000 0.000 1.000 0.000 -0.866 -0.500 0.000 0.000 0.000 -0.018 0.007 1.000]]
		[0.875 [0.500 -0.866 0.000 0.000 0.000 0.000 1.000 0.000 -0.866 -0.500 0.000 0.000 0.000 -0.018 0.007 1.000]]
		[0.9 [0.500 -0.866 0.000 0.000 0.000 0.000 1.000 0.000 -0.866 -0.500 0.000 0.000 0.000 -0.018 0.007 1.000]]
