{ :name "Idle" :length 2 :bones { 
	"Armature" [
		[0 [1.000 0.000 0.000 0.000 0.000 1.000 0.000 0.000 0.000 0.000 1.000 0.000 0.000 0.000 0.000 1.000]]
	]
	"Skelet" [
		[0 [1.000 0.000 0.000 0.000 0.000 1.000 0.000 0.000 0.000 0.000 1.000 0.000 0.000 0.001 0.000 1.000]]
		[0.01666667 [1.000 0.000 0.000 0.000 0.000 1.000 0.000 0.000 0.000 0.000 1.000 0.000 0.000 0.001 0.000 1.000]]
		[0.03333334 [1.000 0.000 0.000 0.000 0.000 1.000 0.000 0.000 0.000 0.000 1.000 0.000 0.000 0.001 0.000 1.000]]
		[0.05 [1.000 0.000 0.000 0.000 0.000 1.000 0.000 0.000 0.000 0.000 1.000 0.000 0.000 0.001 0.000 1.000]]
		[0.06666667 [1.000 0.000 0.000 0.000 0.000 1.000 0.000 0.000 0.000 0.000 1.000 0.000 0.000 0.001 0.000 1.000]]
		[0.08333334 [1.000 0.000 0.000 0.000 0.000 1.000 0.000 0.000 0.000 0.000 1.000 0.000 0.000 0.001 0.000 1.000]]
		[0.1 [1.000 0.000 0.000 0.000 0.000 1.000 0.000 0.000 0.000 0.000 1.000 0.000 0.000 0.001 0.000 1.000]]
		[0.1166667 [1.000 0.000 0.000 0.000 0.000 1.000 0.000 0.000 0.000 0.000 1.000 0.000 0.000 0.001 0.000 1.000]]
		[0.1333333 [1.000 0.000 0.000 0.000 0.000 1.000 0.000 0.000 0.000 0.000 1.000 0.000 0.000 0.001 0.000 1.000]]
		[0.15 [1.000 0.000 0.000 0.000 0.000 1.000 0.000 0.000 0.000 0.000 1.000 0.000 0.000 0.001 0.000 1.000]]
		[0.1666667 [1.000 0.000 0.000 0.000 0.000 1.000 0.000 0.000 0.000 0.000 1.000 0.000 0.000 0.001 0.000 1.000]]
		[0.1833333 [1.000 0.000 0.000 0.000 0.000 1.000 0.000 0.000 0.000 0.000 1.000 0.000 0.000 0.001 0.000 1.000]]
		[0.2 [1.000 0.000 0.000 0.000 0.000 1.000 0.000 0.000 0.000 0.000 1.000 0.000 0.000 0.001 0.000 1.000]]
		[0.2166667 [1.000 0.000 0.000 0.000 0.000 1.000 0.000 0.000 0.000 0.000 1.000 0.000 0.000 0.002 0.000 1.000]]
		[0.2333333 [1.000 0.000 0.000 0.000 0.000 1.000 0.000 0.000 0.000 0.000 1.000 0.000 0.000 0.002 0.000 1.000]]
		[0.25 [1.000 0.000 0.000 0.000 0.000 1.000 0.000 0.000 0.000 0.000 1.000 0.000 0.000 0.002 0.000 1.000]]
		[0.2666667 [1.000 0.000 0.000 0.000 0.000 1.000 0.000 0.000 0.000 0.000 1.000 0.000 0.000 0.002 0.000 1.000]]
		[0.2833333 [1.000 0.000 0.000 0.000 0.000 1.000 0.000 0.000 0.000 0.000 1.000 0.000 0.000 0.002 0.000 1.000]]
		[0.3 [1.000 0.000 0.000 0.000 0.000 1.000 0.000 0.000 0.000 0.000 1.000 0.000 0.000 0.002 0.000 1.000]]
		[0.3166667 [1.000 0.000 0.000 0.000 0.000 1.000 0.000 0.000 0.000 0.000 1.000 0.000 0.000 0.002 0.000 1.000]]
		[0.3333333 [1.000 0.000 0.000 0.000 0.000 1.000 0.000 0.000 0.000 0.000 1.000 0.000 0.000 0.002 0.000 1.000]]
		[0.35 [1.000 0.000 0.000 0.000 0.000 1.000 0.000 0.000 0.000 0.000 1.000 0.000 0.000 0.002 0.000 1.000]]
		[0.3666667 [1.000 0.000 0.000 0.000 0.000 1.000 0.000 0.000 0.000 0.000 1.000 0.000 0.000 0.002 0.000 1.000]]
		[0.3833333 [1.000 0.000 0.000 0.000 0.000 1.000 0.000 0.000 0.000 0.000 1.000 0.000 0.000 0.002 0.000 1.000]]
		[0.4 [1.000 0.000 0.000 0.000 0.000 1.000 0.000 0.000 0.000 0.000 1.000 0.000 0.000 0.002 0.000 1.000]]
		[0.4166667 [1.000 0.000 0.000 0.000 0.000 1.000 0.000 0.000 0.000 0.000 1.000 0.000 0.000 0.002 0.000 1.000]]
		[0.4333333 [1.000 0.000 0.000 0.000 0.000 1.000 0.000 0.000 0.000 0.000 1.000 0.000 0.000 0.002 0.000 1.000]]
		[0.45 [1.000 0.000 0.000 0.000 0.000 1.000 0.000 0.000 0.000 0.000 1.000 0.000 0.000 0.002 0.000 1.000]]
		[0.4666667 [1.000 0.000 0.000 0.000 0.000 1.000 0.000 0.000 0.000 0.000 1.000 0.000 0.000 0.002 0.000 1.000]]
		[0.4833333 [1.000 0.000 0.000 0.000 0.000 1.000 0.000 0.000 0.000 0.000 1.000 0.000 0.000 0.002 0.000 1.000]]
		[0.5 [1.000 0.000 0.000 0.000 0.000 1.000 0.000 0.000 0.000 0.000 1.000 0.000 0.000 0.002 0.000 1.000]]
		[0.5166667 [1.000 0.000 0.000 0.000 0.000 1.000 0.000 0.000 0.000 0.000 1.000 0.000 0.000 0.002 0.000 1.000]]
		[0.5333334 [1.000 0.000 0.000 0.000 0.000 1.000 0.000 0.000 0.000 0.000 1.000 0.000 0.000 0.002 0.000 1.000]]
		[0.55 [1.000 0.000 0.000 0.000 0.000 1.000 0.000 0.000 0.000 0.000 1.000 0.000 0.000 0.002 0.000 1.000]]
		[0.5666667 [1.000 0.000 0.000 0.000 0.000 1.000 0.000 0.000 0.000 0.000 1.000 0.000 0.000 0.002 0.000 1.000]]
		[0.5833333 [1.000 0.000 0.000 0.000 0.000 1.000 0.000 0.000 0.000 0.000 1.000 0.000 0.000 0.002 0.000 1.000]]
		[0.6 [1.000 0.000 0.000 0.000 0.000 1.000 0.000 0.000 0.000 0.000 1.000 0.000 0.000 0.002 0.000 1.000]]
		[0.6166667 [1.000 0.000 0.000 0.000 0.000 1.000 0.000 0.000 0.000 0.000 1.000 0.000 0.000 0.002 0.000 1.000]]
		[0.6333333 [1.000 0.000 0.000 0.000 0.000 1.000 0.000 0.000 0.000 0.000 1.000 0.000 0.000 0.002 0.000 1.000]]
		[0.65 [1.000 0.000 0.000 0.000 0.000 1.000 0.000 0.000 0.000 0.000 1.000 0.000 0.000 0.002 0.000 1.000]]
		[0.6666667 [1.000 0.000 0.000 0.000 0.000 1.000 0.000 0.000 0.000 0.000 1.000 0.000 0.000 0.002 0.000 1.000]]
		[0.6833333 [1.000 0.000 0.000 0.000 0.000 1.000 0.000 0.000 0.000 0.000 1.000 0.000 0.000 0.002 0.000 1.000]]
		[0.7 [1.000 0.000 0.000 0.000 0.000 1.000 0.000 0.000 0.000 0.000 1.000 0.000 0.000 0.002 0.000 1.000]]
		[0.7166666 [1.000 0.000 0.000 0.000 0.000 1.000 0.000 0.000 0.000 0.000 1.000 0.000 0.000 0.002 0.000 1.000]]
		[0.7333333 [1.000 0.000 0.000 0.000 0.000 1.000 0.000 0.000 0.000 0.000 1.000 0.000 0.000 0.002 0.000 1.000]]
		[0.75 [1.000 0.000 0.000 0.000 0.000 1.000 0.000 0.000 0.000 0.000 1.000 0.000 0.000 0.002 0.000 1.000]]
		[0.7666667 [1.000 0.000 0.000 0.000 0.000 1.000 0.000 0.000 0.000 0.000 1.000 0.000 0.000 0.002 0.000 1.000]]
		[0.7833334 [1.000 0.000 0.000 0.000 0.000 1.000 0.000 0.000 0.000 0.000 1.000 0.000 0.000 0.002 0.000 1.000]]
		[0.8 [1.000 0.000 0.000 0.000 0.000 1.000 0.000 0.000 0.000 0.000 1.000 0.000 0.000 0.002 0.000 1.000]]
		[0.8166667 [1.000 0.000 0.000 0.000 0.000 1.000 0.000 0.000 0.000 0.000 1.000 0.000 0.000 0.002 0.000 1.000]]
		[0.8333333 [1.000 0.000 0.000 0.000 0.000 1.000 0.000 0.000 0.000 0.000 1.000 0.000 0.000 0.002 0.000 1.000]]
		[0.85 [1.000 0.000 0.000 0.000 0.000 1.000 0.000 0.000 0.000 0.000 1.000 0.000 0.000 0.002 0.000 1.000]]
		[0.8666667 [1.000 0.000 0.000 0.000 0.000 1.000 0.000 0.000 0.000 0.000 1.000 0.000 0.000 0.002 0.000 1.000]]
		[0.8833333 [1.000 0.000 0.000 0.000 0.000 1.000 0.000 0.000 0.000 0.000 1.000 0.000 0.000 0.002 0.000 1.000]]
		[0.9 [1.000 0.000 0.000 0.000 0.000 1.000 0.000 0.000 0.000 0.000 1.000 0.000 0.000 0.002 0.000 1.000]]
		[0.9166667 [1.000 0.000 0.000 0.000 0.000 1.000 0.000 0.000 0.000 0.000 1.000 0.000 0.000 0.002 0.000 1.000]]
		[0.9333333 [1.000 0.000 0.000 0.000 0.000 1.000 0.000 0.000 0.000 0.000 1.000 0.000 0.000 0.002 0.000 1.000]]
		[0.95 [1.000 0.000 0.000 0.000 0.000 1.000 0.000 0.000 0.000 0.000 1.000 0.000 0.000 0.002 0.000 1.000]]
		[0.9666666 [1.000 0.000 0.000 0.000 0.000 1.000 0.000 0.000 0.000 0.000 1.000 0.000 0.000 0.002 0.000 1.000]]
		[0.9833333 [1.000 0.000 0.000 0.000 0.000 1.000 0.000 0.000 0.000 0.000 1.000 0.000 0.000 0.002 0.000 1.000]]
	]
	"Bedro_L" [
		[0 [0.962 0.271 -0.009 0.000 -0.271 0.962 -0.025 0.000 0.002 0.027 1.000 0.000 0.000 -0.001 0.000 1.000]]
		[0.01666667 [0.962 0.271 -0.009 0.000 -0.271 0.962 -0.025 0.000 0.002 0.027 1.000 0.000 0.000 -0.001 0.000 1.000]]
		[0.03333334 [0.962 0.271 -0.009 0.000 -0.271 0.962 -0.025 0.000 0.002 0.027 1.000 0.000 0.000 -0.001 0.000 1.000]]
		[0.05 [0.962 0.271 -0.009 0.000 -0.271 0.962 -0.025 0.000 0.002 0.027 1.000 0.000 0.000 -0.001 0.000 1.000]]
		[0.06666667 [0.962 0.271 -0.009 0.000 -0.271 0.962 -0.025 0.000 0.002 0.027 1.000 0.000 0.000 -0.001 0.000 1.000]]
		[0.08333334 [0.962 0.271 -0.009 0.000 -0.271 0.962 -0.025 0.000 0.002 0.027 1.000 0.000 0.000 -0.001 0.000 1.000]]
		[0.1 [0.962 0.271 -0.009 0.000 -0.271 0.962 -0.025 0.000 0.002 0.027 1.000 0.000 0.000 -0.001 0.000 1.000]]
		[0.1166667 [0.962 0.271 -0.009 0.000 -0.271 0.962 -0.025 0.000 0.002 0.027 1.000 0.000 0.000 -0.001 0.000 1.000]]
		[0.1333333 [0.962 0.271 -0.009 0.000 -0.271 0.962 -0.025 0.000 0.002 0.027 1.000 0.000 0.000 -0.001 0.000 1.000]]
		[0.15 [0.962 0.271 -0.009 0.000 -0.271 0.962 -0.025 0.000 0.002 0.027 1.000 0.000 0.000 -0.001 0.000 1.000]]
		[0.1666667 [0.962 0.271 -0.009 0.000 -0.271 0.962 -0.025 0.000 0.002 0.027 1.000 0.000 0.000 -0.001 0.000 1.000]]
		[0.1833333 [0.962 0.271 -0.009 0.000 -0.271 0.962 -0.025 0.000 0.002 0.027 1.000 0.000 0.000 -0.001 0.000 1.000]]
		[0.2 [0.962 0.271 -0.009 0.000 -0.271 0.962 -0.025 0.000 0.002 0.027 1.000 0.000 0.000 -0.001 0.000 1.000]]
		[0.2166667 [0.962 0.271 -0.009 0.000 -0.271 0.962 -0.025 0.000 0.002 0.027 1.000 0.000 0.000 -0.002 0.000 1.000]]
		[0.2333333 [0.962 0.271 -0.009 0.000 -0.271 0.962 -0.025 0.000 0.002 0.027 1.000 0.000 0.000 -0.002 0.000 1.000]]
		[0.25 [0.962 0.271 -0.009 0.000 -0.271 0.962 -0.025 0.000 0.002 0.027 1.000 0.000 0.000 -0.002 0.000 1.000]]
		[0.2666667 [0.962 0.271 -0.009 0.000 -0.271 0.962 -0.025 0.000 0.002 0.027 1.000 0.000 0.000 -0.002 0.000 1.000]]
		[0.2833333 [0.962 0.271 -0.009 0.000 -0.271 0.962 -0.025 0.000 0.002 0.027 1.000 0.000 0.000 -0.002 0.000 1.000]]
		[0.3 [0.962 0.271 -0.009 0.000 -0.271 0.962 -0.025 0.000 0.002 0.027 1.000 0.000 0.000 -0.002 0.000 1.000]]
		[0.3166667 [0.962 0.271 -0.009 0.000 -0.271 0.962 -0.025 0.000 0.002 0.027 1.000 0.000 0.000 -0.002 0.000 1.000]]
		[0.3333333 [0.962 0.271 -0.009 0.000 -0.271 0.962 -0.025 0.000 0.002 0.027 1.000 0.000 0.000 -0.002 0.000 1.000]]
		[0.35 [0.962 0.271 -0.009 0.000 -0.271 0.962 -0.025 0.000 0.002 0.027 1.000 0.000 0.000 -0.002 0.000 1.000]]
		[0.3666667 [0.962 0.271 -0.009 0.000 -0.271 0.962 -0.025 0.000 0.002 0.027 1.000 0.000 0.000 -0.002 0.000 1.000]]
		[0.3833333 [0.962 0.271 -0.009 0.000 -0.271 0.962 -0.025 0.000 0.002 0.027 1.000 0.000 0.000 -0.002 0.000 1.000]]
		[0.4 [0.962 0.271 -0.009 0.000 -0.271 0.962 -0.025 0.000 0.002 0.027 1.000 0.000 0.000 -0.002 0.000 1.000]]
		[0.4166667 [0.962 0.271 -0.009 0.000 -0.271 0.962 -0.025 0.000 0.002 0.027 1.000 0.000 0.000 -0.002 0.000 1.000]]
		[0.4333333 [0.962 0.271 -0.009 0.000 -0.271 0.962 -0.025 0.000 0.002 0.027 1.000 0.000 0.000 -0.002 0.000 1.000]]
		[0.45 [0.962 0.271 -0.009 0.000 -0.271 0.962 -0.025 0.000 0.002 0.027 1.000 0.000 0.000 -0.002 0.000 1.000]]
		[0.4666667 [0.962 0.271 -0.009 0.000 -0.271 0.962 -0.025 0.000 0.002 0.027 1.000 0.000 0.000 -0.002 0.000 1.000]]
		[0.4833333 [0.962 0.271 -0.009 0.000 -0.271 0.962 -0.025 0.000 0.002 0.027 1.000 0.000 0.000 -0.002 0.000 1.000]]
		[0.5 [0.962 0.271 -0.009 0.000 -0.271 0.962 -0.025 0.000 0.002 0.027 1.000 0.000 0.000 -0.002 0.000 1.000]]
		[0.5166667 [0.962 0.271 -0.009 0.000 -0.271 0.962 -0.025 0.000 0.002 0.027 1.000 0.000 0.000 -0.002 0.000 1.000]]
		[0.5333334 [0.962 0.271 -0.009 0.000 -0.271 0.962 -0.025 0.000 0.002 0.027 1.000 0.000 0.000 -0.002 0.000 1.000]]
		[0.55 [0.962 0.271 -0.009 0.000 -0.271 0.962 -0.025 0.000 0.002 0.027 1.000 0.000 0.000 -0.002 0.000 1.000]]
		[0.5666667 [0.962 0.271 -0.009 0.000 -0.271 0.962 -0.025 0.000 0.002 0.027 1.000 0.000 0.000 -0.002 0.000 1.000]]
		[0.5833333 [0.962 0.271 -0.009 0.000 -0.271 0.962 -0.025 0.000 0.002 0.027 1.000 0.000 0.000 -0.002 0.000 1.000]]
		[0.6 [0.962 0.271 -0.009 0.000 -0.271 0.962 -0.025 0.000 0.002 0.027 1.000 0.000 0.000 -0.002 0.000 1.000]]
		[0.6166667 [0.962 0.271 -0.009 0.000 -0.271 0.962 -0.025 0.000 0.002 0.027 1.000 0.000 0.000 -0.002 0.000 1.000]]
		[0.6333333 [0.962 0.271 -0.009 0.000 -0.271 0.962 -0.025 0.000 0.002 0.027 1.000 0.000 0.000 -0.002 0.000 1.000]]
		[0.65 [0.962 0.271 -0.009 0.000 -0.271 0.962 -0.025 0.000 0.002 0.027 1.000 0.000 0.000 -0.002 0.000 1.000]]
		[0.6666667 [0.962 0.271 -0.009 0.000 -0.271 0.962 -0.025 0.000 0.002 0.027 1.000 0.000 0.000 -0.002 0.000 1.000]]
		[0.6833333 [0.962 0.271 -0.009 0.000 -0.271 0.962 -0.025 0.000 0.002 0.027 1.000 0.000 0.000 -0.002 0.000 1.000]]
		[0.7 [0.962 0.271 -0.009 0.000 -0.271 0.962 -0.025 0.000 0.002 0.027 1.000 0.000 0.000 -0.002 0.000 1.000]]
		[0.7166666 [0.962 0.271 -0.009 0.000 -0.271 0.962 -0.025 0.000 0.002 0.027 1.000 0.000 0.000 -0.002 0.000 1.000]]
		[0.7333333 [0.962 0.271 -0.009 0.000 -0.271 0.962 -0.025 0.000 0.002 0.027 1.000 0.000 0.000 -0.002 0.000 1.000]]
		[0.75 [0.962 0.271 -0.009 0.000 -0.271 0.962 -0.025 0.000 0.002 0.027 1.000 0.000 0.000 -0.002 0.000 1.000]]
		[0.7666667 [0.962 0.271 -0.009 0.000 -0.271 0.962 -0.025 0.000 0.002 0.027 1.000 0.000 0.000 -0.002 0.000 1.000]]
		[0.7833334 [0.962 0.271 -0.009 0.000 -0.271 0.962 -0.025 0.000 0.002 0.027 1.000 0.000 0.000 -0.002 0.000 1.000]]
		[0.8 [0.962 0.271 -0.009 0.000 -0.271 0.962 -0.025 0.000 0.002 0.027 1.000 0.000 0.000 -0.002 0.000 1.000]]
		[0.8166667 [0.962 0.271 -0.009 0.000 -0.271 0.962 -0.025 0.000 0.002 0.027 1.000 0.000 0.000 -0.002 0.000 1.000]]
		[0.8333333 [0.962 0.271 -0.009 0.000 -0.271 0.962 -0.025 0.000 0.002 0.027 1.000 0.000 0.000 -0.002 0.000 1.000]]
		[0.85 [0.962 0.271 -0.009 0.000 -0.271 0.962 -0.025 0.000 0.002 0.027 1.000 0.000 0.000 -0.002 0.000 1.000]]
		[0.8666667 [0.962 0.271 -0.009 0.000 -0.271 0.962 -0.025 0.000 0.002 0.027 1.000 0.000 0.000 -0.002 0.000 1.000]]
		[0.8833333 [0.962 0.271 -0.009 0.000 -0.271 0.962 -0.025 0.000 0.002 0.027 1.000 0.000 0.000 -0.002 0.000 1.000]]
		[0.9 [0.962 0.271 -0.009 0.000 -0.271 0.962 -0.025 0.000 0.002 0.027 1.000 0.000 0.000 -0.002 0.000 1.000]]
		[0.9166667 [0.962 0.271 -0.009 0.000 -0.271 0.962 -0.025 0.000 0.002 0.027 1.000 0.000 0.000 -0.002 0.000 1.000]]
		[0.9333333 [0.962 0.271 -0.009 0.000 -0.271 0.962 -0.025 0.000 0.002 0.027 1.000 0.000 0.000 -0.002 0.000 1.000]]
		[0.95 [0.962 0.271 -0.009 0.000 -0.271 0.962 -0.025 0.000 0.002 0.027 1.000 0.000 0.000 -0.002 0.000 1.000]]
		[0.9666666 [0.962 0.271 -0.009 0.000 -0.271 0.962 -0.025 0.000 0.002 0.027 1.000 0.000 0.000 -0.002 0.000 1.000]]
		[0.9833333 [0.962 0.271 -0.009 0.000 -0.271 0.962 -0.025 0.000 0.002 0.027 1.000 0.000 0.000 -0.002 0.000 1.000]]
	]
	"Koleno_L" [
		[0 [0.961 0.277 0.013 0.000 -0.277 0.961 0.023 0.000 -0.006 -0.026 1.000 0.000 0.001 -0.001 0.000 1.000]]
		[0.01666667 [0.963 0.271 0.012 0.000 -0.271 0.962 0.023 0.000 -0.006 -0.026 1.000 0.000 0.001 -0.001 0.000 1.000]]
		[0.03333334 [0.964 0.264 0.012 0.000 -0.264 0.964 0.023 0.000 -0.006 -0.026 1.000 0.000 0.001 -0.001 0.000 1.000]]
		[0.05 [0.966 0.257 0.012 0.000 -0.258 0.966 0.023 0.000 -0.006 -0.026 1.000 0.000 0.001 -0.002 0.000 1.000]]
		[0.06666667 [0.968 0.250 0.012 0.000 -0.250 0.968 0.024 0.000 -0.006 -0.026 1.000 0.000 0.001 -0.002 0.000 1.000]]
		[0.08333334 [0.970 0.243 0.012 0.000 -0.243 0.970 0.024 0.000 -0.006 -0.026 1.000 0.000 0.001 -0.002 0.000 1.000]]
		[0.1 [0.972 0.235 0.011 0.000 -0.235 0.972 0.024 0.000 -0.006 -0.026 1.000 0.000 0.001 -0.002 0.000 1.000]]
		[0.1166667 [0.974 0.227 0.011 0.000 -0.228 0.973 0.024 0.000 -0.006 -0.026 1.000 0.000 0.001 -0.002 0.000 1.000]]
		[0.1333333 [0.976 0.219 0.011 0.000 -0.220 0.975 0.024 0.000 -0.006 -0.026 1.000 0.000 0.001 -0.002 0.000 1.000]]
		[0.15 [0.977 0.211 0.011 0.000 -0.212 0.977 0.024 0.000 -0.006 -0.026 1.000 0.000 0.001 -0.002 0.000 1.000]]
		[0.1666667 [0.979 0.203 0.011 0.000 -0.204 0.979 0.024 0.000 -0.006 -0.026 1.000 0.000 0.001 -0.002 0.000 1.000]]
		[0.1833333 [0.981 0.195 0.011 0.000 -0.196 0.980 0.024 0.000 -0.006 -0.026 1.000 0.000 0.001 -0.002 0.000 1.000]]
		[0.2 [0.982 0.188 0.010 0.000 -0.188 0.982 0.024 0.000 -0.006 -0.026 1.000 0.000 0.001 -0.002 0.000 1.000]]
		[0.2166667 [0.984 0.180 0.010 0.000 -0.180 0.983 0.024 0.000 -0.006 -0.026 1.000 0.000 0.001 -0.002 0.000 1.000]]
		[0.2333333 [0.985 0.172 0.010 0.000 -0.172 0.985 0.024 0.000 -0.006 -0.026 1.000 0.000 0.001 -0.002 0.000 1.000]]
		[0.25 [0.986 0.165 0.010 0.000 -0.165 0.986 0.024 0.000 -0.006 -0.026 1.000 0.000 0.001 -0.002 0.000 1.000]]
		[0.2666667 [0.987 0.157 0.010 0.000 -0.158 0.987 0.025 0.000 -0.006 -0.026 1.000 0.000 0.001 -0.002 0.000 1.000]]
		[0.2833333 [0.989 0.150 0.009 0.000 -0.151 0.988 0.025 0.000 -0.006 -0.026 1.000 0.000 0.001 -0.002 0.000 1.000]]
		[0.3 [0.990 0.144 0.009 0.000 -0.144 0.989 0.025 0.000 -0.006 -0.026 1.000 0.000 0.001 -0.002 0.000 1.000]]
		[0.3166667 [0.990 0.138 0.009 0.000 -0.138 0.990 0.025 0.000 -0.006 -0.026 1.000 0.000 0.001 -0.002 0.000 1.000]]
		[0.3333333 [0.991 0.132 0.009 0.000 -0.132 0.991 0.025 0.000 -0.006 -0.026 1.000 0.000 0.001 -0.002 0.000 1.000]]
		[0.35 [0.992 0.126 0.009 0.000 -0.127 0.992 0.025 0.000 -0.006 -0.026 1.000 0.000 0.001 -0.002 0.000 1.000]]
		[0.3666667 [0.993 0.122 0.009 0.000 -0.122 0.992 0.025 0.000 -0.006 -0.026 1.000 0.000 0.001 -0.002 0.000 1.000]]
		[0.3833333 [0.993 0.117 0.009 0.000 -0.118 0.993 0.025 0.000 -0.006 -0.026 1.000 0.000 0.001 -0.002 0.000 1.000]]
		[0.4 [0.993 0.114 0.008 0.000 -0.114 0.993 0.025 0.000 -0.006 -0.026 1.000 0.000 0.001 -0.002 0.000 1.000]]
		[0.4166667 [0.994 0.111 0.008 0.000 -0.111 0.994 0.025 0.000 -0.006 -0.026 1.000 0.000 0.001 -0.002 0.000 1.000]]
		[0.4333333 [0.994 0.108 0.008 0.000 -0.109 0.994 0.025 0.000 -0.006 -0.026 1.000 0.000 0.001 -0.002 0.000 1.000]]
		[0.45 [0.994 0.107 0.008 0.000 -0.107 0.994 0.025 0.000 -0.006 -0.026 1.000 0.000 0.001 -0.002 0.000 1.000]]
		[0.4666667 [0.994 0.106 0.008 0.000 -0.106 0.994 0.025 0.000 -0.006 -0.026 1.000 0.000 0.001 -0.002 0.000 1.000]]
		[0.4833333 [0.994 0.106 0.008 0.000 -0.106 0.994 0.025 0.000 -0.006 -0.026 1.000 0.000 0.001 -0.002 0.000 1.000]]
		[0.5 [0.994 0.106 0.008 0.000 -0.106 0.994 0.025 0.000 -0.006 -0.026 1.000 0.000 0.001 -0.002 0.000 1.000]]
		[0.5166667 [0.994 0.107 0.008 0.000 -0.107 0.994 0.025 0.000 -0.006 -0.026 1.000 0.000 0.001 -0.002 0.000 1.000]]
		[0.5333334 [0.994 0.109 0.008 0.000 -0.109 0.994 0.025 0.000 -0.006 -0.026 1.000 0.000 0.001 -0.002 0.000 1.000]]
		[0.55 [0.994 0.110 0.008 0.000 -0.111 0.994 0.025 0.000 -0.006 -0.026 1.000 0.000 0.001 -0.002 0.000 1.000]]
		[0.5666667 [0.994 0.113 0.008 0.000 -0.113 0.993 0.025 0.000 -0.006 -0.026 1.000 0.000 0.001 -0.002 0.000 1.000]]
		[0.5833333 [0.993 0.115 0.009 0.000 -0.116 0.993 0.025 0.000 -0.006 -0.026 1.000 0.000 0.001 -0.002 0.000 1.000]]
		[0.6 [0.993 0.119 0.009 0.000 -0.119 0.993 0.025 0.000 -0.006 -0.026 1.000 0.000 0.001 -0.003 0.000 1.000]]
		[0.6166667 [0.992 0.122 0.009 0.000 -0.122 0.992 0.025 0.000 -0.006 -0.026 1.000 0.000 0.001 -0.003 0.000 1.000]]
		[0.6333333 [0.992 0.126 0.009 0.000 -0.126 0.992 0.025 0.000 -0.006 -0.026 1.000 0.000 0.001 -0.003 0.000 1.000]]
		[0.65 [0.991 0.130 0.009 0.000 -0.131 0.991 0.025 0.000 -0.006 -0.026 1.000 0.000 0.001 -0.003 0.000 1.000]]
		[0.6666667 [0.991 0.135 0.009 0.000 -0.135 0.990 0.025 0.000 -0.006 -0.026 1.000 0.000 0.001 -0.003 0.000 1.000]]
		[0.6833333 [0.990 0.140 0.009 0.000 -0.140 0.990 0.025 0.000 -0.006 -0.026 1.000 0.000 0.001 -0.003 0.000 1.000]]
		[0.7 [0.989 0.145 0.009 0.000 -0.146 0.989 0.025 0.000 -0.006 -0.026 1.000 0.000 0.001 -0.003 0.000 1.000]]
		[0.7166666 [0.988 0.151 0.009 0.000 -0.151 0.988 0.025 0.000 -0.006 -0.026 1.000 0.000 0.001 -0.003 0.000 1.000]]
		[0.7333333 [0.988 0.157 0.010 0.000 -0.157 0.987 0.025 0.000 -0.006 -0.026 1.000 0.000 0.001 -0.003 0.000 1.000]]
		[0.75 [0.987 0.163 0.010 0.000 -0.163 0.986 0.024 0.000 -0.006 -0.026 1.000 0.000 0.001 -0.003 0.000 1.000]]
		[0.7666667 [0.985 0.170 0.010 0.000 -0.170 0.985 0.024 0.000 -0.006 -0.026 1.000 0.000 0.001 -0.003 0.000 1.000]]
		[0.7833334 [0.984 0.176 0.010 0.000 -0.177 0.984 0.024 0.000 -0.006 -0.026 1.000 0.000 0.001 -0.003 0.000 1.000]]
		[0.8 [0.983 0.183 0.010 0.000 -0.183 0.983 0.024 0.000 -0.006 -0.026 1.000 0.000 0.001 -0.003 0.000 1.000]]
		[0.8166667 [0.982 0.190 0.010 0.000 -0.191 0.981 0.024 0.000 -0.006 -0.026 1.000 0.000 0.001 -0.003 0.000 1.000]]
		[0.8333333 [0.980 0.198 0.011 0.000 -0.198 0.980 0.024 0.000 -0.006 -0.026 1.000 0.000 0.001 -0.003 0.000 1.000]]
		[0.85 [0.979 0.205 0.011 0.000 -0.205 0.978 0.024 0.000 -0.006 -0.026 1.000 0.000 0.001 -0.003 0.000 1.000]]
		[0.8666667 [0.977 0.213 0.011 0.000 -0.213 0.977 0.024 0.000 -0.006 -0.026 1.000 0.000 0.001 -0.002 0.000 1.000]]
		[0.8833333 [0.975 0.220 0.011 0.000 -0.221 0.975 0.024 0.000 -0.006 -0.026 1.000 0.000 0.001 -0.002 0.000 1.000]]
		[0.9 [0.974 0.228 0.011 0.000 -0.229 0.973 0.024 0.000 -0.006 -0.026 1.000 0.000 0.001 -0.002 0.000 1.000]]
		[0.9166667 [0.972 0.236 0.012 0.000 -0.236 0.971 0.024 0.000 -0.006 -0.026 1.000 0.000 0.001 -0.002 0.000 1.000]]
		[0.9333333 [0.970 0.244 0.012 0.000 -0.245 0.969 0.024 0.000 -0.006 -0.026 1.000 0.000 0.001 -0.002 0.000 1.000]]
		[0.95 [0.968 0.252 0.012 0.000 -0.253 0.967 0.023 0.000 -0.006 -0.026 1.000 0.000 0.001 -0.002 0.000 1.000]]
		[0.9666666 [0.965 0.261 0.012 0.000 -0.261 0.965 0.023 0.000 -0.006 -0.026 1.000 0.000 0.001 -0.002 0.000 1.000]]
		[0.9833333 [0.963 0.269 0.012 0.000 -0.269 0.963 0.023 0.000 -0.006 -0.026 1.000 0.000 0.001 -0.002 0.000 1.000]]
	]
	"Koleno_L_end" [
		[0 [0.961 0.277 0.013 0.000 -0.277 0.961 0.023 0.000 -0.006 -0.026 1.000 0.000 0.000 -0.002 0.000 1.000]]
		[0.01666667 [0.963 0.271 0.012 0.000 -0.271 0.962 0.023 0.000 -0.006 -0.026 1.000 0.000 0.000 -0.002 0.000 1.000]]
		[0.03333334 [0.964 0.264 0.012 0.000 -0.264 0.964 0.023 0.000 -0.006 -0.026 1.000 0.000 0.000 -0.002 0.000 1.000]]
		[0.05 [0.966 0.257 0.012 0.000 -0.258 0.966 0.023 0.000 -0.006 -0.026 1.000 0.000 0.000 -0.002 0.000 1.000]]
		[0.06666667 [0.968 0.250 0.012 0.000 -0.250 0.968 0.024 0.000 -0.006 -0.026 1.000 0.000 0.000 -0.002 0.000 1.000]]
		[0.08333334 [0.970 0.243 0.012 0.000 -0.243 0.970 0.024 0.000 -0.006 -0.026 1.000 0.000 0.000 -0.002 0.000 1.000]]
		[0.1 [0.972 0.235 0.011 0.000 -0.235 0.972 0.024 0.000 -0.006 -0.026 1.000 0.000 0.000 -0.002 0.000 1.000]]
		[0.1166667 [0.974 0.227 0.011 0.000 -0.228 0.973 0.024 0.000 -0.006 -0.026 1.000 0.000 0.000 -0.002 0.000 1.000]]
		[0.1333333 [0.976 0.219 0.011 0.000 -0.220 0.975 0.024 0.000 -0.006 -0.026 1.000 0.000 0.000 -0.002 0.000 1.000]]
		[0.15 [0.977 0.211 0.011 0.000 -0.212 0.977 0.024 0.000 -0.006 -0.026 1.000 0.000 0.000 -0.002 0.000 1.000]]
		[0.1666667 [0.979 0.203 0.011 0.000 -0.204 0.979 0.024 0.000 -0.006 -0.026 1.000 0.000 0.000 -0.002 0.000 1.000]]
		[0.1833333 [0.981 0.195 0.011 0.000 -0.196 0.980 0.024 0.000 -0.006 -0.026 1.000 0.000 0.000 -0.002 0.000 1.000]]
		[0.2 [0.982 0.188 0.010 0.000 -0.188 0.982 0.024 0.000 -0.006 -0.026 1.000 0.000 0.000 -0.002 0.000 1.000]]
		[0.2166667 [0.984 0.180 0.010 0.000 -0.180 0.983 0.024 0.000 -0.006 -0.026 1.000 0.000 0.000 -0.002 0.000 1.000]]
		[0.2333333 [0.985 0.172 0.010 0.000 -0.172 0.985 0.024 0.000 -0.006 -0.026 1.000 0.000 0.000 -0.002 0.000 1.000]]
		[0.25 [0.986 0.165 0.010 0.000 -0.165 0.986 0.024 0.000 -0.006 -0.026 1.000 0.000 0.000 -0.002 0.000 1.000]]
		[0.2666667 [0.987 0.157 0.010 0.000 -0.158 0.987 0.025 0.000 -0.006 -0.026 1.000 0.000 0.000 -0.002 0.000 1.000]]
		[0.2833333 [0.989 0.150 0.009 0.000 -0.151 0.988 0.025 0.000 -0.006 -0.026 1.000 0.000 0.000 -0.002 0.000 1.000]]
		[0.3 [0.990 0.144 0.009 0.000 -0.144 0.989 0.025 0.000 -0.006 -0.026 1.000 0.000 0.000 -0.002 0.000 1.000]]
		[0.3166667 [0.990 0.138 0.009 0.000 -0.138 0.990 0.025 0.000 -0.006 -0.026 1.000 0.000 0.000 -0.002 0.000 1.000]]
		[0.3333333 [0.991 0.132 0.009 0.000 -0.132 0.991 0.025 0.000 -0.006 -0.026 1.000 0.000 0.001 -0.002 0.000 1.000]]
		[0.35 [0.992 0.126 0.009 0.000 -0.127 0.992 0.025 0.000 -0.006 -0.026 1.000 0.000 0.001 -0.002 0.000 1.000]]
		[0.3666667 [0.993 0.122 0.009 0.000 -0.122 0.992 0.025 0.000 -0.006 -0.026 1.000 0.000 0.001 -0.002 0.000 1.000]]
		[0.3833333 [0.993 0.117 0.009 0.000 -0.118 0.993 0.025 0.000 -0.006 -0.026 1.000 0.000 0.001 -0.002 0.000 1.000]]
		[0.4 [0.993 0.114 0.008 0.000 -0.114 0.993 0.025 0.000 -0.006 -0.026 1.000 0.000 0.001 -0.002 0.000 1.000]]
		[0.4166667 [0.994 0.111 0.008 0.000 -0.111 0.994 0.025 0.000 -0.006 -0.026 1.000 0.000 0.001 -0.002 0.000 1.000]]
		[0.4333333 [0.994 0.108 0.008 0.000 -0.109 0.994 0.025 0.000 -0.006 -0.026 1.000 0.000 0.001 -0.002 0.000 1.000]]
		[0.45 [0.994 0.107 0.008 0.000 -0.107 0.994 0.025 0.000 -0.006 -0.026 1.000 0.000 0.001 -0.002 0.000 1.000]]
		[0.4666667 [0.994 0.106 0.008 0.000 -0.106 0.994 0.025 0.000 -0.006 -0.026 1.000 0.000 0.001 -0.002 0.000 1.000]]
		[0.4833333 [0.994 0.106 0.008 0.000 -0.106 0.994 0.025 0.000 -0.006 -0.026 1.000 0.000 0.001 -0.002 0.000 1.000]]
		[0.5 [0.994 0.106 0.008 0.000 -0.106 0.994 0.025 0.000 -0.006 -0.026 1.000 0.000 0.001 -0.002 0.000 1.000]]
		[0.5166667 [0.994 0.107 0.008 0.000 -0.107 0.994 0.025 0.000 -0.006 -0.026 1.000 0.000 0.001 -0.002 0.000 1.000]]
		[0.5333334 [0.994 0.109 0.008 0.000 -0.109 0.994 0.025 0.000 -0.006 -0.026 1.000 0.000 0.001 -0.002 0.000 1.000]]
		[0.55 [0.994 0.110 0.008 0.000 -0.111 0.994 0.025 0.000 -0.006 -0.026 1.000 0.000 0.001 -0.003 0.000 1.000]]
		[0.5666667 [0.994 0.113 0.008 0.000 -0.113 0.993 0.025 0.000 -0.006 -0.026 1.000 0.000 0.001 -0.003 0.000 1.000]]
		[0.5833333 [0.993 0.115 0.009 0.000 -0.116 0.993 0.025 0.000 -0.006 -0.026 1.000 0.000 0.001 -0.003 0.000 1.000]]
		[0.6 [0.993 0.119 0.009 0.000 -0.119 0.993 0.025 0.000 -0.006 -0.026 1.000 0.000 0.001 -0.003 0.000 1.000]]
		[0.6166667 [0.992 0.122 0.009 0.000 -0.122 0.992 0.025 0.000 -0.006 -0.026 1.000 0.000 0.001 -0.003 0.000 1.000]]
		[0.6333333 [0.992 0.126 0.009 0.000 -0.126 0.992 0.025 0.000 -0.006 -0.026 1.000 0.000 0.001 -0.003 0.000 1.000]]
		[0.65 [0.991 0.130 0.009 0.000 -0.131 0.991 0.025 0.000 -0.006 -0.026 1.000 0.000 0.001 -0.003 0.000 1.000]]
		[0.6666667 [0.991 0.135 0.009 0.000 -0.135 0.990 0.025 0.000 -0.006 -0.026 1.000 0.000 0.000 -0.003 0.000 1.000]]
		[0.6833333 [0.990 0.140 0.009 0.000 -0.140 0.990 0.025 0.000 -0.006 -0.026 1.000 0.000 0.000 -0.003 0.000 1.000]]
		[0.7 [0.989 0.145 0.009 0.000 -0.146 0.989 0.025 0.000 -0.006 -0.026 1.000 0.000 0.000 -0.003 0.000 1.000]]
		[0.7166666 [0.988 0.151 0.009 0.000 -0.151 0.988 0.025 0.000 -0.006 -0.026 1.000 0.000 0.000 -0.003 0.000 1.000]]
		[0.7333333 [0.988 0.157 0.010 0.000 -0.157 0.987 0.025 0.000 -0.006 -0.026 1.000 0.000 0.000 -0.003 0.000 1.000]]
		[0.75 [0.987 0.163 0.010 0.000 -0.163 0.986 0.024 0.000 -0.006 -0.026 1.000 0.000 0.000 -0.003 0.000 1.000]]
		[0.7666667 [0.985 0.170 0.010 0.000 -0.170 0.985 0.024 0.000 -0.006 -0.026 1.000 0.000 0.000 -0.003 0.000 1.000]]
		[0.7833334 [0.984 0.176 0.010 0.000 -0.177 0.984 0.024 0.000 -0.006 -0.026 1.000 0.000 0.000 -0.003 0.000 1.000]]
		[0.8 [0.983 0.183 0.010 0.000 -0.183 0.983 0.024 0.000 -0.006 -0.026 1.000 0.000 0.000 -0.003 0.000 1.000]]
		[0.8166667 [0.982 0.190 0.010 0.000 -0.191 0.981 0.024 0.000 -0.006 -0.026 1.000 0.000 0.000 -0.003 0.000 1.000]]
		[0.8333333 [0.980 0.198 0.011 0.000 -0.198 0.980 0.024 0.000 -0.006 -0.026 1.000 0.000 0.000 -0.003 0.000 1.000]]
		[0.85 [0.979 0.205 0.011 0.000 -0.205 0.978 0.024 0.000 -0.006 -0.026 1.000 0.000 0.000 -0.003 0.000 1.000]]
		[0.8666667 [0.977 0.213 0.011 0.000 -0.213 0.977 0.024 0.000 -0.006 -0.026 1.000 0.000 0.000 -0.003 0.000 1.000]]
		[0.8833333 [0.975 0.220 0.011 0.000 -0.221 0.975 0.024 0.000 -0.006 -0.026 1.000 0.000 0.000 -0.003 0.000 1.000]]
		[0.9 [0.974 0.228 0.011 0.000 -0.229 0.973 0.024 0.000 -0.006 -0.026 1.000 0.000 0.000 -0.003 0.000 1.000]]
		[0.9166667 [0.972 0.236 0.012 0.000 -0.236 0.971 0.024 0.000 -0.006 -0.026 1.000 0.000 0.000 -0.003 0.000 1.000]]
		[0.9333333 [0.970 0.244 0.012 0.000 -0.245 0.969 0.024 0.000 -0.006 -0.026 1.000 0.000 0.000 -0.003 0.000 1.000]]
		[0.95 [0.968 0.252 0.012 0.000 -0.253 0.967 0.023 0.000 -0.006 -0.026 1.000 0.000 0.000 -0.003 0.000 1.000]]
		[0.9666666 [0.965 0.261 0.012 0.000 -0.261 0.965 0.023 0.000 -0.006 -0.026 1.000 0.000 0.000 -0.003 0.000 1.000]]
		[0.9833333 [0.963 0.269 0.012 0.000 -0.269 0.963 0.023 0.000 -0.006 -0.026 1.000 0.000 0.000 -0.003 0.000 1.000]]
	]
	"Bedro_P" [
		[0 [0.812 0.584 0.014 0.000 -0.584 0.811 0.023 0.000 0.002 -0.027 1.000 0.000 0.000 -0.001 0.000 1.000]]
		[0.01666667 [0.812 0.584 0.014 0.000 -0.584 0.811 0.023 0.000 0.002 -0.027 1.000 0.000 0.000 -0.001 0.000 1.000]]
		[0.03333334 [0.812 0.584 0.014 0.000 -0.584 0.811 0.023 0.000 0.002 -0.027 1.000 0.000 0.000 -0.001 0.000 1.000]]
		[0.05 [0.812 0.584 0.014 0.000 -0.584 0.811 0.023 0.000 0.002 -0.027 1.000 0.000 0.000 -0.001 0.000 1.000]]
		[0.06666667 [0.812 0.584 0.014 0.000 -0.584 0.811 0.023 0.000 0.002 -0.027 1.000 0.000 0.000 -0.001 0.000 1.000]]
		[0.08333334 [0.812 0.584 0.014 0.000 -0.584 0.811 0.023 0.000 0.002 -0.027 1.000 0.000 0.000 -0.001 0.000 1.000]]
		[0.1 [0.812 0.584 0.014 0.000 -0.584 0.811 0.023 0.000 0.002 -0.027 1.000 0.000 0.000 -0.001 0.000 1.000]]
		[0.1166667 [0.812 0.584 0.014 0.000 -0.584 0.811 0.023 0.000 0.002 -0.027 1.000 0.000 0.000 -0.001 0.000 1.000]]
		[0.1333333 [0.812 0.584 0.014 0.000 -0.584 0.811 0.023 0.000 0.002 -0.027 1.000 0.000 0.000 -0.001 0.000 1.000]]
		[0.15 [0.812 0.584 0.014 0.000 -0.584 0.811 0.023 0.000 0.002 -0.027 1.000 0.000 0.000 -0.001 0.000 1.000]]
		[0.1666667 [0.812 0.584 0.014 0.000 -0.584 0.811 0.023 0.000 0.002 -0.027 1.000 0.000 0.000 -0.001 0.000 1.000]]
		[0.1833333 [0.812 0.584 0.014 0.000 -0.584 0.811 0.023 0.000 0.002 -0.027 1.000 0.000 0.000 -0.001 0.000 1.000]]
		[0.2 [0.812 0.584 0.014 0.000 -0.584 0.811 0.023 0.000 0.002 -0.027 1.000 0.000 0.000 -0.001 0.000 1.000]]
		[0.2166667 [0.812 0.584 0.014 0.000 -0.584 0.811 0.023 0.000 0.002 -0.027 1.000 0.000 0.000 -0.002 0.000 1.000]]
		[0.2333333 [0.812 0.584 0.014 0.000 -0.584 0.811 0.023 0.000 0.002 -0.027 1.000 0.000 0.000 -0.002 0.000 1.000]]
		[0.25 [0.812 0.584 0.014 0.000 -0.584 0.811 0.023 0.000 0.002 -0.027 1.000 0.000 0.000 -0.002 0.000 1.000]]
		[0.2666667 [0.812 0.584 0.014 0.000 -0.584 0.811 0.023 0.000 0.002 -0.027 1.000 0.000 0.000 -0.002 0.000 1.000]]
		[0.2833333 [0.812 0.584 0.014 0.000 -0.584 0.811 0.023 0.000 0.002 -0.027 1.000 0.000 0.000 -0.002 0.000 1.000]]
		[0.3 [0.812 0.584 0.014 0.000 -0.584 0.811 0.023 0.000 0.002 -0.027 1.000 0.000 0.000 -0.002 0.000 1.000]]
		[0.3166667 [0.812 0.584 0.014 0.000 -0.584 0.811 0.023 0.000 0.002 -0.027 1.000 0.000 0.000 -0.002 0.000 1.000]]
		[0.3333333 [0.812 0.584 0.014 0.000 -0.584 0.811 0.023 0.000 0.002 -0.027 1.000 0.000 0.000 -0.002 0.000 1.000]]
		[0.35 [0.812 0.584 0.014 0.000 -0.584 0.811 0.023 0.000 0.002 -0.027 1.000 0.000 0.000 -0.002 0.000 1.000]]
		[0.3666667 [0.812 0.584 0.014 0.000 -0.584 0.811 0.023 0.000 0.002 -0.027 1.000 0.000 0.000 -0.002 0.000 1.000]]
		[0.3833333 [0.812 0.584 0.014 0.000 -0.584 0.811 0.023 0.000 0.002 -0.027 1.000 0.000 0.000 -0.002 0.000 1.000]]
		[0.4 [0.812 0.584 0.014 0.000 -0.584 0.811 0.023 0.000 0.002 -0.027 1.000 0.000 0.000 -0.002 0.000 1.000]]
		[0.4166667 [0.812 0.584 0.014 0.000 -0.584 0.811 0.023 0.000 0.002 -0.027 1.000 0.000 0.000 -0.002 0.000 1.000]]
		[0.4333333 [0.812 0.584 0.014 0.000 -0.584 0.811 0.023 0.000 0.002 -0.027 1.000 0.000 0.000 -0.002 0.000 1.000]]
		[0.45 [0.812 0.584 0.014 0.000 -0.584 0.811 0.023 0.000 0.002 -0.027 1.000 0.000 0.000 -0.002 0.000 1.000]]
		[0.4666667 [0.812 0.584 0.014 0.000 -0.584 0.811 0.023 0.000 0.002 -0.027 1.000 0.000 0.000 -0.002 0.000 1.000]]
		[0.4833333 [0.812 0.584 0.014 0.000 -0.584 0.811 0.023 0.000 0.002 -0.027 1.000 0.000 0.000 -0.002 0.000 1.000]]
		[0.5 [0.812 0.584 0.014 0.000 -0.584 0.811 0.023 0.000 0.002 -0.027 1.000 0.000 0.000 -0.002 0.000 1.000]]
		[0.5166667 [0.812 0.584 0.014 0.000 -0.584 0.811 0.023 0.000 0.002 -0.027 1.000 0.000 0.000 -0.002 0.000 1.000]]
		[0.5333334 [0.812 0.584 0.014 0.000 -0.584 0.811 0.023 0.000 0.002 -0.027 1.000 0.000 0.000 -0.002 0.000 1.000]]
		[0.55 [0.812 0.584 0.014 0.000 -0.584 0.811 0.023 0.000 0.002 -0.027 1.000 0.000 0.000 -0.002 0.000 1.000]]
		[0.5666667 [0.812 0.584 0.014 0.000 -0.584 0.811 0.023 0.000 0.002 -0.027 1.000 0.000 0.000 -0.002 0.000 1.000]]
		[0.5833333 [0.812 0.584 0.014 0.000 -0.584 0.811 0.023 0.000 0.002 -0.027 1.000 0.000 0.000 -0.002 0.000 1.000]]
		[0.6 [0.812 0.584 0.014 0.000 -0.584 0.811 0.023 0.000 0.002 -0.027 1.000 0.000 0.000 -0.002 0.000 1.000]]
		[0.6166667 [0.812 0.584 0.014 0.000 -0.584 0.811 0.023 0.000 0.002 -0.027 1.000 0.000 0.000 -0.002 0.000 1.000]]
		[0.6333333 [0.812 0.584 0.014 0.000 -0.584 0.811 0.023 0.000 0.002 -0.027 1.000 0.000 0.000 -0.002 0.000 1.000]]
		[0.65 [0.812 0.584 0.014 0.000 -0.584 0.811 0.023 0.000 0.002 -0.027 1.000 0.000 0.000 -0.002 0.000 1.000]]
		[0.6666667 [0.812 0.584 0.014 0.000 -0.584 0.811 0.023 0.000 0.002 -0.027 1.000 0.000 0.000 -0.002 0.000 1.000]]
		[0.6833333 [0.812 0.584 0.014 0.000 -0.584 0.811 0.023 0.000 0.002 -0.027 1.000 0.000 0.000 -0.002 0.000 1.000]]
		[0.7 [0.812 0.584 0.014 0.000 -0.584 0.811 0.023 0.000 0.002 -0.027 1.000 0.000 0.000 -0.002 0.000 1.000]]
		[0.7166666 [0.812 0.584 0.014 0.000 -0.584 0.811 0.023 0.000 0.002 -0.027 1.000 0.000 0.000 -0.002 0.000 1.000]]
		[0.7333333 [0.812 0.584 0.014 0.000 -0.584 0.811 0.023 0.000 0.002 -0.027 1.000 0.000 0.000 -0.002 0.000 1.000]]
		[0.75 [0.812 0.584 0.014 0.000 -0.584 0.811 0.023 0.000 0.002 -0.027 1.000 0.000 0.000 -0.002 0.000 1.000]]
		[0.7666667 [0.812 0.584 0.014 0.000 -0.584 0.811 0.023 0.000 0.002 -0.027 1.000 0.000 0.000 -0.002 0.000 1.000]]
		[0.7833334 [0.812 0.584 0.014 0.000 -0.584 0.811 0.023 0.000 0.002 -0.027 1.000 0.000 0.000 -0.002 0.000 1.000]]
		[0.8 [0.812 0.584 0.014 0.000 -0.584 0.811 0.023 0.000 0.002 -0.027 1.000 0.000 0.000 -0.002 0.000 1.000]]
		[0.8166667 [0.812 0.584 0.014 0.000 -0.584 0.811 0.023 0.000 0.002 -0.027 1.000 0.000 0.000 -0.002 0.000 1.000]]
		[0.8333333 [0.812 0.584 0.014 0.000 -0.584 0.811 0.023 0.000 0.002 -0.027 1.000 0.000 0.000 -0.002 0.000 1.000]]
		[0.85 [0.812 0.584 0.014 0.000 -0.584 0.811 0.023 0.000 0.002 -0.027 1.000 0.000 0.000 -0.002 0.000 1.000]]
		[0.8666667 [0.812 0.584 0.014 0.000 -0.584 0.811 0.023 0.000 0.002 -0.027 1.000 0.000 0.000 -0.002 0.000 1.000]]
		[0.8833333 [0.812 0.584 0.014 0.000 -0.584 0.811 0.023 0.000 0.002 -0.027 1.000 0.000 0.000 -0.002 0.000 1.000]]
		[0.9 [0.812 0.584 0.014 0.000 -0.584 0.811 0.023 0.000 0.002 -0.027 1.000 0.000 0.000 -0.002 0.000 1.000]]
		[0.9166667 [0.812 0.584 0.014 0.000 -0.584 0.811 0.023 0.000 0.002 -0.027 1.000 0.000 0.000 -0.002 0.000 1.000]]
		[0.9333333 [0.812 0.584 0.014 0.000 -0.584 0.811 0.023 0.000 0.002 -0.027 1.000 0.000 0.000 -0.002 0.000 1.000]]
		[0.95 [0.812 0.584 0.014 0.000 -0.584 0.811 0.023 0.000 0.002 -0.027 1.000 0.000 0.000 -0.002 0.000 1.000]]
		[0.9666666 [0.812 0.584 0.014 0.000 -0.584 0.811 0.023 0.000 0.002 -0.027 1.000 0.000 0.000 -0.002 0.000 1.000]]
		[0.9833333 [0.812 0.584 0.014 0.000 -0.584 0.811 0.023 0.000 0.002 -0.027 1.000 0.000 0.000 -0.002 0.000 1.000]]
	]
	"Koleno_P" [
		[0 [0.694 0.720 -0.011 0.000 -0.720 0.694 -0.011 0.000 -0.001 0.016 1.000 0.000 0.003 -0.002 0.000 1.000]]
		[0.01666667 [0.694 0.720 -0.011 0.000 -0.720 0.694 -0.011 0.000 -0.001 0.016 1.000 0.000 0.003 -0.002 0.000 1.000]]
		[0.03333334 [0.694 0.720 -0.011 0.000 -0.720 0.694 -0.011 0.000 -0.001 0.016 1.000 0.000 0.003 -0.003 0.000 1.000]]
		[0.05 [0.694 0.720 -0.011 0.000 -0.720 0.694 -0.011 0.000 -0.001 0.016 1.000 0.000 0.003 -0.003 0.000 1.000]]
		[0.06666667 [0.694 0.720 -0.011 0.000 -0.720 0.694 -0.011 0.000 -0.001 0.016 1.000 0.000 0.003 -0.003 0.000 1.000]]
		[0.08333334 [0.694 0.720 -0.011 0.000 -0.720 0.694 -0.011 0.000 -0.001 0.016 1.000 0.000 0.003 -0.003 0.000 1.000]]
		[0.1 [0.694 0.720 -0.011 0.000 -0.720 0.694 -0.011 0.000 -0.001 0.016 1.000 0.000 0.003 -0.003 0.000 1.000]]
		[0.1166667 [0.694 0.720 -0.011 0.000 -0.720 0.694 -0.011 0.000 -0.001 0.016 1.000 0.000 0.003 -0.003 0.000 1.000]]
		[0.1333333 [0.694 0.720 -0.011 0.000 -0.720 0.694 -0.011 0.000 -0.001 0.016 1.000 0.000 0.003 -0.003 0.000 1.000]]
		[0.15 [0.694 0.720 -0.011 0.000 -0.720 0.694 -0.011 0.000 -0.001 0.016 1.000 0.000 0.003 -0.003 0.000 1.000]]
		[0.1666667 [0.694 0.720 -0.011 0.000 -0.720 0.694 -0.011 0.000 -0.001 0.016 1.000 0.000 0.003 -0.003 0.000 1.000]]
		[0.1833333 [0.694 0.720 -0.011 0.000 -0.720 0.694 -0.011 0.000 -0.001 0.016 1.000 0.000 0.003 -0.003 0.000 1.000]]
		[0.2 [0.694 0.720 -0.011 0.000 -0.720 0.694 -0.011 0.000 -0.001 0.016 1.000 0.000 0.003 -0.003 0.000 1.000]]
		[0.2166667 [0.694 0.720 -0.011 0.000 -0.720 0.694 -0.011 0.000 -0.001 0.016 1.000 0.000 0.003 -0.003 0.000 1.000]]
		[0.2333333 [0.694 0.720 -0.011 0.000 -0.720 0.694 -0.011 0.000 -0.001 0.016 1.000 0.000 0.003 -0.003 0.000 1.000]]
		[0.25 [0.694 0.720 -0.011 0.000 -0.720 0.694 -0.011 0.000 -0.001 0.016 1.000 0.000 0.003 -0.003 0.000 1.000]]
		[0.2666667 [0.694 0.720 -0.011 0.000 -0.720 0.694 -0.011 0.000 -0.001 0.016 1.000 0.000 0.003 -0.003 0.000 1.000]]
		[0.2833333 [0.694 0.720 -0.011 0.000 -0.720 0.694 -0.011 0.000 -0.001 0.016 1.000 0.000 0.003 -0.003 0.000 1.000]]
		[0.3 [0.694 0.720 -0.011 0.000 -0.720 0.694 -0.011 0.000 -0.001 0.016 1.000 0.000 0.003 -0.003 0.000 1.000]]
		[0.3166667 [0.694 0.720 -0.011 0.000 -0.720 0.694 -0.011 0.000 -0.001 0.016 1.000 0.000 0.003 -0.003 0.000 1.000]]
		[0.3333333 [0.694 0.720 -0.011 0.000 -0.720 0.694 -0.011 0.000 -0.001 0.016 1.000 0.000 0.003 -0.003 0.000 1.000]]
		[0.35 [0.694 0.720 -0.011 0.000 -0.720 0.694 -0.011 0.000 -0.001 0.016 1.000 0.000 0.003 -0.003 0.000 1.000]]
		[0.3666667 [0.694 0.720 -0.011 0.000 -0.720 0.694 -0.011 0.000 -0.001 0.016 1.000 0.000 0.003 -0.003 0.000 1.000]]
		[0.3833333 [0.694 0.720 -0.011 0.000 -0.720 0.694 -0.011 0.000 -0.001 0.016 1.000 0.000 0.003 -0.003 0.000 1.000]]
		[0.4 [0.694 0.720 -0.011 0.000 -0.720 0.694 -0.011 0.000 -0.001 0.016 1.000 0.000 0.003 -0.003 0.000 1.000]]
		[0.4166667 [0.694 0.720 -0.011 0.000 -0.720 0.694 -0.011 0.000 -0.001 0.016 1.000 0.000 0.003 -0.003 0.000 1.000]]
		[0.4333333 [0.694 0.720 -0.011 0.000 -0.720 0.694 -0.011 0.000 -0.001 0.016 1.000 0.000 0.003 -0.003 0.000 1.000]]
		[0.45 [0.694 0.720 -0.011 0.000 -0.720 0.694 -0.011 0.000 -0.001 0.016 1.000 0.000 0.003 -0.003 0.000 1.000]]
		[0.4666667 [0.694 0.720 -0.011 0.000 -0.720 0.694 -0.011 0.000 -0.001 0.016 1.000 0.000 0.003 -0.003 0.000 1.000]]
		[0.4833333 [0.694 0.720 -0.011 0.000 -0.720 0.694 -0.011 0.000 -0.001 0.016 1.000 0.000 0.003 -0.003 0.000 1.000]]
		[0.5 [0.694 0.720 -0.011 0.000 -0.720 0.694 -0.011 0.000 -0.001 0.016 1.000 0.000 0.003 -0.003 0.000 1.000]]
		[0.5166667 [0.694 0.720 -0.011 0.000 -0.720 0.694 -0.011 0.000 -0.001 0.016 1.000 0.000 0.003 -0.003 0.000 1.000]]
		[0.5333334 [0.695 0.719 -0.011 0.000 -0.719 0.695 -0.012 0.000 -0.001 0.016 1.000 0.000 0.003 -0.003 0.000 1.000]]
		[0.55 [0.695 0.719 -0.011 0.000 -0.719 0.695 -0.012 0.000 -0.001 0.016 1.000 0.000 0.003 -0.004 0.000 1.000]]
		[0.5666667 [0.696 0.718 -0.011 0.000 -0.718 0.696 -0.012 0.000 -0.001 0.016 1.000 0.000 0.003 -0.004 0.000 1.000]]
		[0.5833333 [0.696 0.718 -0.011 0.000 -0.718 0.696 -0.012 0.000 -0.001 0.016 1.000 0.000 0.003 -0.004 0.000 1.000]]
		[0.6 [0.697 0.717 -0.010 0.000 -0.717 0.697 -0.012 0.000 -0.001 0.016 1.000 0.000 0.003 -0.004 0.000 1.000]]
		[0.6166667 [0.698 0.716 -0.010 0.000 -0.716 0.697 -0.012 0.000 -0.001 0.016 1.000 0.000 0.003 -0.004 0.000 1.000]]
		[0.6333333 [0.698 0.716 -0.010 0.000 -0.716 0.698 -0.012 0.000 -0.001 0.016 1.000 0.000 0.003 -0.004 0.000 1.000]]
		[0.65 [0.699 0.715 -0.010 0.000 -0.715 0.699 -0.012 0.000 -0.001 0.016 1.000 0.000 0.003 -0.004 0.000 1.000]]
		[0.6666667 [0.700 0.714 -0.010 0.000 -0.714 0.700 -0.012 0.000 -0.001 0.016 1.000 0.000 0.003 -0.004 0.000 1.000]]
		[0.6833333 [0.700 0.714 -0.010 0.000 -0.714 0.700 -0.012 0.000 -0.001 0.016 1.000 0.000 0.003 -0.004 0.000 1.000]]
		[0.7 [0.701 0.713 -0.010 0.000 -0.713 0.701 -0.012 0.000 -0.001 0.016 1.000 0.000 0.003 -0.004 0.000 1.000]]
		[0.7166666 [0.702 0.713 -0.010 0.000 -0.713 0.701 -0.012 0.000 -0.001 0.016 1.000 0.000 0.003 -0.004 0.000 1.000]]
		[0.7333333 [0.702 0.712 -0.010 0.000 -0.712 0.702 -0.012 0.000 -0.001 0.016 1.000 0.000 0.003 -0.004 0.000 1.000]]
		[0.75 [0.703 0.712 -0.010 0.000 -0.712 0.703 -0.012 0.000 -0.001 0.016 1.000 0.000 0.003 -0.004 0.000 1.000]]
		[0.7666667 [0.703 0.711 -0.010 0.000 -0.711 0.703 -0.012 0.000 -0.001 0.016 1.000 0.000 0.003 -0.004 0.000 1.000]]
		[0.7833334 [0.703 0.711 -0.010 0.000 -0.711 0.703 -0.012 0.000 -0.001 0.016 1.000 0.000 0.003 -0.004 0.000 1.000]]
		[0.8 [0.704 0.711 -0.010 0.000 -0.711 0.703 -0.012 0.000 -0.001 0.016 1.000 0.000 0.003 -0.004 0.000 1.000]]
		[0.8166667 [0.704 0.710 -0.010 0.000 -0.711 0.704 -0.012 0.000 -0.001 0.016 1.000 0.000 0.003 -0.004 0.000 1.000]]
