{ :name "SphereSpell" :length 2.066667 :bones { 
	"Armature" [
		[0 [1.000 0.000 0.000 0.000 0.000 1.000 0.000 0.000 0.000 0.000 1.000 0.000 0.000 0.000 0.000 1.000]]
	]
	"Skelet" [
		[0 [1.000 0.000 0.000 0.000 0.000 1.000 0.000 0.000 0.000 0.000 1.000 0.000 0.000 0.001 0.000 1.000]]
		[0.01639344 [1.000 0.000 0.000 0.000 0.000 1.000 0.000 0.000 0.000 0.000 1.000 0.000 0.000 0.001 0.000 1.000]]
		[0.03278688 [1.000 0.000 0.000 0.000 0.000 1.000 0.000 0.000 0.000 0.000 1.000 0.000 0.000 0.001 0.000 1.000]]
		[0.04918033 [1.000 0.000 0.000 0.000 0.000 1.000 0.000 0.000 0.000 0.000 1.000 0.000 0.000 0.001 0.000 1.000]]
		[0.06557377 [1.000 0.000 0.000 0.000 0.000 1.000 0.000 0.000 0.000 0.000 1.000 0.000 0.000 0.001 0.000 1.000]]
		[0.08196721 [1.000 0.000 0.000 0.000 0.000 1.000 0.000 0.000 0.000 0.000 1.000 0.000 0.000 0.001 0.000 1.000]]
		[0.09836066 [1.000 0.000 0.000 0.000 0.000 1.000 0.000 0.000 0.000 0.000 1.000 0.000 0.000 0.001 0.000 1.000]]
		[0.1147541 [1.000 0.000 0.000 0.000 0.000 1.000 0.000 0.000 0.000 0.000 1.000 0.000 0.000 0.000 0.000 1.000]]
		[0.1311475 [1.000 0.000 0.000 0.000 0.000 1.000 0.000 0.000 0.000 0.000 1.000 0.000 0.000 0.000 0.000 1.000]]
		[0.147541 [1.000 0.000 0.000 0.000 0.000 1.000 0.000 0.000 0.000 0.000 1.000 0.000 0.000 0.000 0.000 1.000]]
		[0.1639344 [1.000 0.000 0.000 0.000 0.000 1.000 0.000 0.000 0.000 0.000 1.000 0.000 0.000 0.000 0.000 1.000]]
		[0.1803279 [1.000 0.000 0.000 0.000 0.000 1.000 0.000 0.000 0.000 0.000 1.000 0.000 0.000 0.000 0.000 1.000]]
		[0.1967213 [1.000 0.000 0.000 0.000 0.000 1.000 0.000 0.000 0.000 0.000 1.000 0.000 0.000 0.000 0.000 1.000]]
		[0.2131148 [1.000 0.000 0.000 0.000 0.000 1.000 0.000 0.000 0.000 0.000 1.000 0.000 0.000 0.000 0.000 1.000]]
		[0.2295082 [1.000 0.000 0.000 0.000 0.000 1.000 0.000 0.000 0.000 0.000 1.000 0.000 0.000 0.000 0.000 1.000]]
		[0.2459016 [1.000 0.000 0.000 0.000 0.000 1.000 0.000 0.000 0.000 0.000 1.000 0.000 0.000 0.000 0.000 1.000]]
		[0.2622951 [1.000 0.000 0.000 0.000 0.000 1.000 0.000 0.000 0.000 0.000 1.000 0.000 0.000 0.000 0.000 1.000]]
		[0.2786885 [1.000 0.000 0.000 0.000 0.000 1.000 0.000 0.000 0.000 0.000 1.000 0.000 0.000 0.000 0.000 1.000]]
		[0.295082 [1.000 0.000 0.000 0.000 0.000 1.000 0.000 0.000 0.000 0.000 1.000 0.000 0.000 -0.001 0.000 1.000]]
		[0.3114754 [1.000 0.000 0.000 0.000 0.000 1.000 0.000 0.000 0.000 0.000 1.000 0.000 0.000 -0.001 0.000 1.000]]
		[0.3278688 [1.000 0.000 0.000 0.000 0.000 1.000 0.000 0.000 0.000 0.000 1.000 0.000 0.000 -0.001 0.000 1.000]]
		[0.3442623 [1.000 0.000 0.000 0.000 0.000 1.000 0.000 0.000 0.000 0.000 1.000 0.000 0.000 -0.001 0.000 1.000]]
		[0.3606557 [1.000 0.000 0.000 0.000 0.000 1.000 0.000 0.000 0.000 0.000 1.000 0.000 0.000 -0.001 0.000 1.000]]
		[0.3770492 [1.000 0.000 0.000 0.000 0.000 1.000 0.000 0.000 0.000 0.000 1.000 0.000 0.000 -0.001 0.000 1.000]]
		[0.3934426 [1.000 0.000 0.000 0.000 0.000 1.000 0.000 0.000 0.000 0.000 1.000 0.000 0.000 -0.001 0.000 1.000]]
		[0.4098361 [1.000 0.000 0.000 0.000 0.000 1.000 0.000 0.000 0.000 0.000 1.000 0.000 0.000 -0.001 0.000 1.000]]
		[0.4262295 [1.000 0.000 0.000 0.000 0.000 1.000 0.000 0.000 0.000 0.000 1.000 0.000 0.000 -0.001 0.000 1.000]]
		[0.442623 [1.000 0.000 0.000 0.000 0.000 1.000 0.000 0.000 0.000 0.000 1.000 0.000 0.000 -0.001 0.000 1.000]]
		[0.4590164 [1.000 0.000 0.000 0.000 0.000 1.000 0.000 0.000 0.000 0.000 1.000 0.000 0.000 -0.001 0.000 1.000]]
		[0.4754098 [1.000 0.000 0.000 0.000 0.000 1.000 0.000 0.000 0.000 0.000 1.000 0.000 0.000 -0.001 0.000 1.000]]
		[0.4918033 [1.000 0.000 0.000 0.000 0.000 1.000 0.000 0.000 0.000 0.000 1.000 0.000 0.000 -0.001 0.000 1.000]]
		[0.5081967 [1.000 0.000 0.000 0.000 0.000 1.000 0.000 0.000 0.000 0.000 1.000 0.000 0.000 -0.001 0.000 1.000]]
		[0.5245901 [1.000 0.000 0.000 0.000 0.000 1.000 0.000 0.000 0.000 0.000 1.000 0.000 0.000 -0.001 0.000 1.000]]
		[0.5409836 [1.000 0.000 0.000 0.000 0.000 1.000 0.000 0.000 0.000 0.000 1.000 0.000 0.000 -0.001 0.000 1.000]]
		[0.557377 [1.000 0.000 0.000 0.000 0.000 1.000 0.000 0.000 0.000 0.000 1.000 0.000 0.000 -0.001 0.000 1.000]]
		[0.5737705 [1.000 0.000 0.000 0.000 0.000 1.000 0.000 0.000 0.000 0.000 1.000 0.000 0.000 -0.002 0.000 1.000]]
		[0.5901639 [1.000 0.000 0.000 0.000 0.000 1.000 0.000 0.000 0.000 0.000 1.000 0.000 0.000 -0.002 0.000 1.000]]
		[0.6065574 [1.000 0.000 0.000 0.000 0.000 1.000 0.000 0.000 0.000 0.000 1.000 0.000 0.000 -0.002 0.000 1.000]]
		[0.6229508 [1.000 0.000 0.000 0.000 0.000 1.000 0.000 0.000 0.000 0.000 1.000 0.000 0.000 -0.002 0.000 1.000]]
		[0.6393443 [1.000 0.000 0.000 0.000 0.000 1.000 0.000 0.000 0.000 0.000 1.000 0.000 0.000 -0.002 0.000 1.000]]
		[0.6557377 [1.000 0.000 0.000 0.000 0.000 1.000 0.000 0.000 0.000 0.000 1.000 0.000 0.000 -0.002 0.000 1.000]]
		[0.6721311 [1.000 0.000 0.000 0.000 0.000 1.000 0.000 0.000 0.000 0.000 1.000 0.000 0.000 -0.002 0.000 1.000]]
		[0.6885246 [1.000 0.000 0.000 0.000 0.000 1.000 0.000 0.000 0.000 0.000 1.000 0.000 0.000 -0.002 0.000 1.000]]
		[0.704918 [1.000 0.000 0.000 0.000 0.000 1.000 0.000 0.000 0.000 0.000 1.000 0.000 0.000 -0.002 0.000 1.000]]
		[0.7213115 [1.000 0.000 0.000 0.000 0.000 1.000 0.000 0.000 0.000 0.000 1.000 0.000 0.000 -0.001 0.000 1.000]]
		[0.7377049 [1.000 0.000 0.000 0.000 0.000 1.000 0.000 0.000 0.000 0.000 1.000 0.000 0.000 -0.001 0.000 1.000]]
		[0.7540984 [1.000 0.000 0.000 0.000 0.000 1.000 0.000 0.000 0.000 0.000 1.000 0.000 0.000 -0.001 0.000 1.000]]
		[0.7704918 [1.000 0.000 0.000 0.000 0.000 1.000 0.000 0.000 0.000 0.000 1.000 0.000 0.000 -0.001 0.000 1.000]]
		[0.7868853 [1.000 0.000 0.000 0.000 0.000 1.000 0.000 0.000 0.000 0.000 1.000 0.000 0.000 -0.001 0.000 1.000]]
		[0.8032787 [1.000 0.000 0.000 0.000 0.000 1.000 0.000 0.000 0.000 0.000 1.000 0.000 0.000 -0.001 0.000 1.000]]
		[0.8196721 [1.000 0.000 0.000 0.000 0.000 1.000 0.000 0.000 0.000 0.000 1.000 0.000 0.000 -0.001 0.000 1.000]]
		[0.8360656 [1.000 0.000 0.000 0.000 0.000 1.000 0.000 0.000 0.000 0.000 1.000 0.000 0.000 -0.001 0.000 1.000]]
		[0.852459 [1.000 0.000 0.000 0.000 0.000 1.000 0.000 0.000 0.000 0.000 1.000 0.000 0.000 -0.001 0.000 1.000]]
		[0.8688524 [1.000 0.000 0.000 0.000 0.000 1.000 0.000 0.000 0.000 0.000 1.000 0.000 0.000 -0.001 0.000 1.000]]
		[0.8852459 [1.000 0.000 0.000 0.000 0.000 1.000 0.000 0.000 0.000 0.000 1.000 0.000 0.000 -0.001 0.000 1.000]]
		[0.9016393 [1.000 0.000 0.000 0.000 0.000 1.000 0.000 0.000 0.000 0.000 1.000 0.000 0.000 0.000 0.000 1.000]]
		[0.9180328 [1.000 0.000 0.000 0.000 0.000 1.000 0.000 0.000 0.000 0.000 1.000 0.000 0.000 0.000 0.000 1.000]]
		[0.9344262 [1.000 0.000 0.000 0.000 0.000 1.000 0.000 0.000 0.000 0.000 1.000 0.000 0.000 0.000 0.000 1.000]]
		[0.9508197 [1.000 0.000 0.000 0.000 0.000 1.000 0.000 0.000 0.000 0.000 1.000 0.000 0.000 0.000 0.000 1.000]]
		[0.9672131 [1.000 0.000 0.000 0.000 0.000 1.000 0.000 0.000 0.000 0.000 1.000 0.000 0.000 0.000 0.000 1.000]]
		[0.9836066 [1.000 0.000 0.000 0.000 0.000 1.000 0.000 0.000 0.000 0.000 1.000 0.000 0.000 0.000 0.000 1.000]]
	]
	"Bedro_L" [
		[0 [0.962 0.271 -0.009 0.000 -0.271 0.962 -0.025 0.000 0.002 0.027 1.000 0.000 0.000 -0.001 0.000 1.000]]
		[0.01639344 [0.960 0.281 -0.013 0.000 -0.281 0.959 -0.017 0.000 0.007 0.020 1.000 0.000 0.000 -0.001 0.000 1.000]]
		[0.03278688 [0.957 0.291 -0.016 0.000 -0.291 0.957 -0.010 0.000 0.013 0.014 1.000 0.000 0.000 -0.001 0.000 1.000]]
		[0.04918033 [0.953 0.301 -0.020 0.000 -0.302 0.953 -0.002 0.000 0.018 0.008 1.000 0.000 0.000 -0.001 0.000 1.000]]
		[0.06557377 [0.950 0.312 -0.023 0.000 -0.312 0.950 0.005 0.000 0.023 0.002 1.000 0.000 0.000 -0.001 0.000 1.000]]
		[0.08196721 [0.946 0.323 -0.026 0.000 -0.322 0.947 0.013 0.000 0.028 -0.004 1.000 0.000 0.000 -0.001 0.000 1.000]]
		[0.09836066 [0.942 0.333 -0.028 0.000 -0.333 0.943 0.020 0.000 0.033 -0.010 0.999 0.000 0.000 -0.001 0.000 1.000]]
		[0.1147541 [0.938 0.344 -0.031 0.000 -0.343 0.939 0.028 0.000 0.038 -0.015 0.999 0.000 0.000 0.000 0.000 1.000]]
		[0.1311475 [0.934 0.355 -0.033 0.000 -0.354 0.935 0.035 0.000 0.043 -0.021 0.999 0.000 0.000 0.000 0.000 1.000]]
		[0.147541 [0.930 0.366 -0.035 0.000 -0.364 0.930 0.042 0.000 0.048 -0.027 0.998 0.000 0.000 0.000 0.000 1.000]]
		[0.1639344 [0.926 0.377 -0.037 0.000 -0.375 0.926 0.050 0.000 0.053 -0.032 0.998 0.000 0.000 0.000 0.000 1.000]]
		[0.1803279 [0.921 0.388 -0.038 0.000 -0.385 0.921 0.057 0.000 0.057 -0.038 0.998 0.000 0.000 0.000 0.000 1.000]]
		[0.1967213 [0.916 0.398 -0.040 0.000 -0.396 0.916 0.064 0.000 0.062 -0.043 0.997 0.000 0.000 0.000 0.000 1.000]]
		[0.2131148 [0.912 0.409 -0.041 0.000 -0.406 0.911 0.072 0.000 0.067 -0.049 0.997 0.000 0.000 0.000 0.000 1.000]]
		[0.2295082 [0.907 0.420 -0.042 0.000 -0.416 0.906 0.079 0.000 0.071 -0.054 0.996 0.000 0.000 0.000 0.000 1.000]]
		[0.2459016 [0.902 0.430 -0.043 0.000 -0.426 0.901 0.087 0.000 0.076 -0.060 0.995 0.000 0.000 0.000 0.000 1.000]]
		[0.2622951 [0.897 0.440 -0.044 0.000 -0.435 0.895 0.094 0.000 0.081 -0.066 0.995 0.000 0.000 0.000 0.000 1.000]]
		[0.2786885 [0.892 0.451 -0.045 0.000 -0.445 0.890 0.102 0.000 0.086 -0.071 0.994 0.000 0.000 0.000 0.000 1.000]]
		[0.295082 [0.887 0.460 -0.045 0.000 -0.454 0.884 0.110 0.000 0.091 -0.077 0.993 0.000 0.000 0.000 0.000 1.000]]
		[0.3114754 [0.881 0.470 -0.046 0.000 -0.463 0.879 0.118 0.000 0.096 -0.083 0.992 0.000 0.000 0.001 0.000 1.000]]
		[0.3278688 [0.876 0.480 -0.046 0.000 -0.471 0.873 0.126 0.000 0.101 -0.089 0.991 0.000 0.000 0.001 0.000 1.000]]
		[0.3442623 [0.871 0.489 -0.046 0.000 -0.479 0.867 0.134 0.000 0.106 -0.095 0.990 0.000 0.000 0.001 0.000 1.000]]
		[0.3606557 [0.866 0.497 -0.046 0.000 -0.487 0.862 0.143 0.000 0.111 -0.101 0.989 0.000 0.000 0.001 0.000 1.000]]
		[0.3770492 [0.861 0.506 -0.046 0.000 -0.494 0.856 0.151 0.000 0.116 -0.108 0.987 0.000 0.000 0.001 0.000 1.000]]
		[0.3934426 [0.857 0.514 -0.046 0.000 -0.501 0.850 0.160 0.000 0.122 -0.114 0.986 0.000 0.000 0.001 0.000 1.000]]
		[0.4098361 [0.852 0.522 -0.046 0.000 -0.508 0.845 0.169 0.000 0.127 -0.121 0.984 0.000 0.000 0.001 0.000 1.000]]
		[0.4262295 [0.847 0.529 -0.046 0.000 -0.514 0.839 0.179 0.000 0.133 -0.128 0.983 0.000 0.000 0.001 0.000 1.000]]
		[0.442623 [0.843 0.536 -0.046 0.000 -0.520 0.833 0.188 0.000 0.139 -0.135 0.981 0.000 0.000 0.001 0.000 1.000]]
		[0.4590164 [0.839 0.542 -0.046 0.000 -0.525 0.828 0.198 0.000 0.145 -0.142 0.979 0.000 0.000 0.001 0.000 1.000]]
		[0.4754098 [0.835 0.548 -0.045 0.000 -0.529 0.823 0.208 0.000 0.151 -0.150 0.977 0.000 0.000 0.001 0.000 1.000]]
		[0.4918033 [0.832 0.554 -0.045 0.000 -0.533 0.818 0.218 0.000 0.158 -0.157 0.975 0.000 0.000 0.001 0.000 1.000]]
		[0.5081967 [0.828 0.559 -0.045 0.000 -0.536 0.813 0.229 0.000 0.164 -0.166 0.972 0.000 0.000 0.001 0.000 1.000]]
		[0.5245901 [0.825 0.563 -0.044 0.000 -0.538 0.808 0.240 0.000 0.171 -0.174 0.970 0.000 0.000 0.001 0.000 1.000]]
		[0.5409836 [0.823 0.567 -0.044 0.000 -0.540 0.803 0.251 0.000 0.178 -0.182 0.967 0.000 0.000 0.001 0.000 1.000]]
		[0.557377 [0.820 0.570 -0.044 0.000 -0.541 0.799 0.262 0.000 0.185 -0.191 0.964 0.000 0.000 0.001 0.000 1.000]]
		[0.5737705 [0.818 0.573 -0.044 0.000 -0.541 0.795 0.275 0.000 0.193 -0.201 0.960 0.000 0.000 0.002 0.000 1.000]]
		[0.5901639 [0.817 0.575 -0.044 0.000 -0.541 0.790 0.290 0.000 0.202 -0.212 0.956 0.000 0.000 0.002 0.000 1.000]]
		[0.6065574 [0.816 0.577 -0.045 0.000 -0.538 0.785 0.306 0.000 0.212 -0.226 0.951 0.000 0.000 0.002 0.000 1.000]]
		[0.6229508 [0.815 0.578 -0.046 0.000 -0.535 0.780 0.325 0.000 0.223 -0.240 0.945 0.000 0.000 0.002 0.000 1.000]]
		[0.6393443 [0.815 0.578 -0.047 0.000 -0.530 0.775 0.344 0.000 0.235 -0.256 0.938 0.000 0.000 0.002 0.000 1.000]]
		[0.6557377 [0.816 0.577 -0.048 0.000 -0.523 0.771 0.364 0.000 0.247 -0.271 0.930 0.000 0.000 0.002 0.000 1.000]]
		[0.6721311 [0.817 0.575 -0.050 0.000 -0.516 0.767 0.382 0.000 0.258 -0.286 0.923 0.000 0.000 0.002 0.000 1.000]]
		[0.6885246 [0.819 0.572 -0.052 0.000 -0.507 0.763 0.400 0.000 0.269 -0.301 0.915 0.000 0.000 0.002 0.000 1.000]]
		[0.704918 [0.822 0.567 -0.055 0.000 -0.498 0.761 0.415 0.000 0.278 -0.314 0.908 0.000 0.000 0.002 0.000 1.000]]
		[0.7213115 [0.825 0.562 -0.059 0.000 -0.488 0.761 0.429 0.000 0.286 -0.325 0.902 0.000 0.000 0.001 0.000 1.000]]
		[0.7377049 [0.829 0.556 -0.063 0.000 -0.477 0.762 0.438 0.000 0.291 -0.333 0.897 0.000 0.000 0.001 0.000 1.000]]
		[0.7540984 [0.834 0.548 -0.068 0.000 -0.467 0.765 0.444 0.000 0.295 -0.339 0.893 0.000 0.000 0.001 0.000 1.000]]
		[0.7704918 [0.839 0.539 -0.073 0.000 -0.456 0.770 0.447 0.000 0.297 -0.342 0.892 0.000 0.000 0.001 0.000 1.000]]
		[0.7868853 [0.845 0.530 -0.079 0.000 -0.445 0.776 0.446 0.000 0.297 -0.342 0.891 0.000 0.000 0.001 0.000 1.000]]
		[0.8032787 [0.851 0.519 -0.085 0.000 -0.434 0.784 0.444 0.000 0.297 -0.341 0.892 0.000 0.000 0.001 0.000 1.000]]
		[0.8196721 [0.857 0.507 -0.091 0.000 -0.422 0.793 0.440 0.000 0.295 -0.339 0.893 0.000 0.000 0.001 0.000 1.000]]
		[0.8360656 [0.864 0.493 -0.098 0.000 -0.409 0.802 0.434 0.000 0.293 -0.335 0.895 0.000 0.000 0.001 0.000 1.000]]
		[0.852459 [0.871 0.479 -0.105 0.000 -0.396 0.813 0.428 0.000 0.290 -0.331 0.898 0.000 0.000 0.001 0.000 1.000]]
		[0.8688524 [0.879 0.464 -0.111 0.000 -0.382 0.824 0.419 0.000 0.286 -0.326 0.901 0.000 0.000 0.001 0.000 1.000]]
		[0.8852459 [0.886 0.448 -0.118 0.000 -0.367 0.835 0.409 0.000 0.282 -0.320 0.905 0.000 0.000 0.001 0.000 1.000]]
		[0.9016393 [0.894 0.430 -0.124 0.000 -0.352 0.847 0.398 0.000 0.277 -0.312 0.909 0.000 0.000 0.000 0.000 1.000]]
		[0.9180328 [0.902 0.412 -0.130 0.000 -0.336 0.859 0.386 0.000 0.271 -0.304 0.913 0.000 0.000 0.000 0.000 1.000]]
		[0.9344262 [0.910 0.392 -0.136 0.000 -0.320 0.871 0.373 0.000 0.265 -0.296 0.918 0.000 0.000 0.000 0.000 1.000]]
		[0.9508197 [0.918 0.372 -0.141 0.000 -0.303 0.883 0.358 0.000 0.258 -0.286 0.923 0.000 0.000 0.000 0.000 1.000]]
		[0.9672131 [0.925 0.351 -0.145 0.000 -0.285 0.895 0.343 0.000 0.250 -0.276 0.928 0.000 0.000 0.000 0.000 1.000]]
		[0.9836066 [0.933 0.328 -0.149 0.000 -0.267 0.907 0.327 0.000 0.242 -0.265 0.933 0.000 0.000 0.000 0.000 1.000]]
	]
	"Koleno_L" [
		[0 [0.961 0.277 0.013 0.000 -0.277 0.961 0.023 0.000 -0.006 -0.026 1.000 0.000 0.001 -0.001 0.000 1.000]]
		[0.01639344 [0.956 0.293 0.005 0.000 -0.293 0.956 0.019 0.000 0.001 -0.020 1.000 0.000 0.001 -0.001 0.000 1.000]]
		[0.03278688 [0.951 0.309 -0.002 0.000 -0.309 0.951 0.016 0.000 0.007 -0.015 1.000 0.000 0.001 -0.001 0.000 1.000]]
		[0.04918033 [0.945 0.327 -0.009 0.000 -0.327 0.945 0.013 0.000 0.013 -0.009 1.000 0.000 0.001 -0.001 0.000 1.000]]
		[0.06557377 [0.938 0.346 -0.016 0.000 -0.346 0.938 0.010 0.000 0.019 -0.004 1.000 0.000 0.002 -0.001 0.000 1.000]]
		[0.08196721 [0.931 0.366 -0.023 0.000 -0.365 0.931 0.008 0.000 0.024 0.001 1.000 0.000 0.002 -0.001 0.000 1.000]]
		[0.09836066 [0.922 0.386 -0.030 0.000 -0.386 0.922 0.006 0.000 0.030 0.006 1.000 0.000 0.002 -0.001 0.000 1.000]]
		[0.1147541 [0.913 0.407 -0.037 0.000 -0.407 0.913 0.004 0.000 0.035 0.011 0.999 0.000 0.002 -0.001 0.000 1.000]]
		[0.1311475 [0.903 0.428 -0.044 0.000 -0.429 0.903 0.003 0.000 0.041 0.016 0.999 0.000 0.002 -0.001 0.000 1.000]]
		[0.147541 [0.892 0.450 -0.051 0.000 -0.450 0.893 0.002 0.000 0.046 0.021 0.999 0.000 0.002 -0.001 0.000 1.000]]
		[0.1639344 [0.880 0.472 -0.058 0.000 -0.472 0.881 0.002 0.000 0.052 0.026 0.998 0.000 0.002 -0.001 0.000 1.000]]
		[0.1803279 [0.868 0.493 -0.065 0.000 -0.494 0.869 0.001 0.000 0.057 0.031 0.998 0.000 0.002 -0.001 0.000 1.000]]
		[0.1967213 [0.855 0.514 -0.072 0.000 -0.516 0.857 0.002 0.000 0.062 0.036 0.997 0.000 0.002 -0.001 0.000 1.000]]
		[0.2131148 [0.841 0.535 -0.079 0.000 -0.537 0.844 0.002 0.000 0.068 0.041 0.997 0.000 0.002 -0.001 0.000 1.000]]
		[0.2295082 [0.827 0.556 -0.086 0.000 -0.557 0.830 0.003 0.000 0.073 0.045 0.996 0.000 0.002 -0.001 0.000 1.000]]
		[0.2459016 [0.813 0.575 -0.093 0.000 -0.577 0.816 0.004 0.000 0.079 0.050 0.996 0.000 0.002 -0.001 0.000 1.000]]
		[0.2622951 [0.798 0.594 -0.100 0.000 -0.597 0.802 0.006 0.000 0.084 0.055 0.995 0.000 0.002 -0.001 0.000 1.000]]
		[0.2786885 [0.783 0.612 -0.108 0.000 -0.615 0.788 0.008 0.000 0.089 0.060 0.994 0.000 0.002 -0.001 -0.001 1.000]]
		[0.295082 [0.768 0.629 -0.115 0.000 -0.633 0.774 0.010 0.000 0.095 0.065 0.993 0.000 0.002 0.000 -0.001 1.000]]
		[0.3114754 [0.754 0.646 -0.122 0.000 -0.649 0.760 0.012 0.000 0.101 0.071 0.992 0.000 0.002 0.000 -0.001 1.000]]
		[0.3278688 [0.740 0.660 -0.130 0.000 -0.665 0.747 0.014 0.000 0.106 0.076 0.991 0.000 0.002 0.000 -0.001 1.000]]
		[0.3442623 [0.726 0.674 -0.138 0.000 -0.679 0.734 0.017 0.000 0.112 0.081 0.990 0.000 0.002 0.000 -0.001 1.000]]
		[0.3606557 [0.712 0.687 -0.145 0.000 -0.692 0.722 0.019 0.000 0.118 0.087 0.989 0.000 0.003 0.000 -0.001 1.000]]
		[0.3770492 [0.700 0.698 -0.153 0.000 -0.704 0.710 0.022 0.000 0.124 0.092 0.988 0.000 0.003 0.000 -0.001 1.000]]
		[0.3934426 [0.688 0.708 -0.161 0.000 -0.714 0.700 0.025 0.000 0.131 0.098 0.987 0.000 0.003 0.000 -0.001 1.000]]
		[0.4098361 [0.677 0.716 -0.170 0.000 -0.723 0.690 0.028 0.000 0.137 0.104 0.985 0.000 0.003 0.000 -0.001 1.000]]
		[0.4262295 [0.668 0.723 -0.178 0.000 -0.730 0.682 0.030 0.000 0.144 0.110 0.984 0.000 0.003 0.000 -0.001 1.000]]
		[0.442623 [0.659 0.728 -0.187 0.000 -0.737 0.676 0.033 0.000 0.150 0.116 0.982 0.000 0.003 0.000 -0.001 1.000]]
		[0.4590164 [0.653 0.732 -0.196 0.000 -0.741 0.670 0.035 0.000 0.157 0.123 0.980 0.000 0.003 0.000 -0.001 1.000]]
		[0.4754098 [0.647 0.734 -0.206 0.000 -0.744 0.667 0.037 0.000 0.164 0.129 0.978 0.000 0.003 0.000 -0.001 1.000]]
		[0.4918033 [0.644 0.734 -0.216 0.000 -0.746 0.665 0.038 0.000 0.172 0.136 0.976 0.000 0.003 0.000 -0.001 1.000]]
		[0.5081967 [0.642 0.732 -0.226 0.000 -0.745 0.666 0.039 0.000 0.179 0.143 0.973 0.000 0.003 0.000 -0.001 1.000]]
		[0.5245901 [0.642 0.729 -0.237 0.000 -0.743 0.668 0.040 0.000 0.187 0.151 0.971 0.000 0.003 0.000 -0.001 1.000]]
		[0.5409836 [0.644 0.724 -0.248 0.000 -0.740 0.672 0.040 0.000 0.195 0.158 0.968 0.000 0.003 0.000 -0.001 1.000]]
		[0.557377 [0.647 0.717 -0.260 0.000 -0.735 0.677 0.038 0.000 0.203 0.166 0.965 0.000 0.003 0.000 -0.001 1.000]]
		[0.5737705 [0.656 0.704 -0.273 0.000 -0.725 0.688 0.035 0.000 0.213 0.175 0.961 0.000 0.003 0.000 -0.001 1.000]]
		[0.5901639 [0.668 0.686 -0.288 0.000 -0.709 0.704 0.030 0.000 0.223 0.185 0.957 0.000 0.003 0.000 -0.002 1.000]]
		[0.6065574 [0.686 0.660 -0.305 0.000 -0.688 0.725 0.021 0.000 0.235 0.196 0.952 0.000 0.003 0.000 -0.002 1.000]]
		[0.6229508 [0.709 0.626 -0.325 0.000 -0.660 0.751 0.007 0.000 0.249 0.209 0.946 0.000 0.003 0.000 -0.002 1.000]]
		[0.6393443 [0.733 0.587 -0.344 0.000 -0.627 0.779 -0.009 0.000 0.262 0.222 0.939 0.000 0.003 0.000 -0.002 1.000]]
		[0.6557377 [0.758 0.542 -0.363 0.000 -0.591 0.806 -0.029 0.000 0.276 0.236 0.932 0.000 0.003 0.000 -0.002 1.000]]
		[0.6721311 [0.781 0.496 -0.379 0.000 -0.553 0.832 -0.051 0.000 0.290 0.250 0.924 0.000 0.003 0.000 -0.002 1.000]]
		[0.6885246 [0.803 0.448 -0.393 0.000 -0.513 0.855 -0.075 0.000 0.302 0.262 0.916 0.000 0.003 0.000 -0.002 1.000]]
		[0.704918 [0.822 0.401 -0.404 0.000 -0.475 0.874 -0.099 0.000 0.313 0.274 0.909 0.000 0.003 0.000 -0.002 1.000]]
		[0.7213115 [0.838 0.357 -0.412 0.000 -0.440 0.890 -0.122 0.000 0.323 0.284 0.903 0.000 0.002 0.000 -0.002 1.000]]
		[0.7377049 [0.851 0.320 -0.417 0.000 -0.409 0.902 -0.142 0.000 0.330 0.291 0.898 0.000 0.002 0.000 -0.002 1.000]]
		[0.7540984 [0.861 0.291 -0.418 0.000 -0.384 0.910 -0.157 0.000 0.335 0.296 0.895 0.000 0.002 0.000 -0.002 1.000]]
		[0.7704918 [0.868 0.268 -0.417 0.000 -0.364 0.916 -0.169 0.000 0.337 0.298 0.893 0.000 0.002 0.000 -0.002 1.000]]
		[0.7868853 [0.874 0.252 -0.415 0.000 -0.349 0.921 -0.176 0.000 0.337 0.298 0.893 0.000 0.002 0.000 -0.002 1.000]]
		[0.8032787 [0.880 0.239 -0.411 0.000 -0.336 0.924 -0.181 0.000 0.337 0.297 0.893 0.000 0.002 0.000 -0.002 1.000]]
		[0.8196721 [0.885 0.228 -0.406 0.000 -0.324 0.928 -0.185 0.000 0.335 0.295 0.895 0.000 0.002 0.000 -0.002 1.000]]
		[0.8360656 [0.890 0.218 -0.401 0.000 -0.313 0.931 -0.187 0.000 0.332 0.292 0.897 0.000 0.002 0.000 -0.002 1.000]]
		[0.852459 [0.894 0.211 -0.395 0.000 -0.304 0.934 -0.188 0.000 0.329 0.288 0.899 0.000 0.002 -0.001 -0.002 1.000]]
		[0.8688524 [0.899 0.205 -0.388 0.000 -0.295 0.937 -0.188 0.000 0.325 0.283 0.902 0.000 0.002 -0.001 -0.002 1.000]]
		[0.8852459 [0.903 0.202 -0.380 0.000 -0.288 0.939 -0.186 0.000 0.320 0.278 0.906 0.000 0.002 -0.001 -0.002 1.000]]
		[0.9016393 [0.906 0.200 -0.372 0.000 -0.283 0.942 -0.183 0.000 0.314 0.271 0.910 0.000 0.002 -0.001 -0.002 1.000]]
		[0.9180328 [0.910 0.199 -0.363 0.000 -0.278 0.944 -0.179 0.000 0.307 0.264 0.914 0.000 0.002 -0.001 -0.002 1.000]]
		[0.9344262 [0.914 0.200 -0.354 0.000 -0.275 0.946 -0.174 0.000 0.300 0.256 0.919 0.000 0.002 -0.001 -0.002 1.000]]
		[0.9508197 [0.917 0.203 -0.344 0.000 -0.272 0.947 -0.168 0.000 0.292 0.248 0.924 0.000 0.002 -0.001 -0.002 1.000]]
		[0.9672131 [0.920 0.206 -0.333 0.000 -0.271 0.949 -0.161 0.000 0.283 0.238 0.929 0.000 0.001 -0.001 -0.002 1.000]]
		[0.9836066 [0.923 0.211 -0.322 0.000 -0.271 0.950 -0.153 0.000 0.274 0.229 0.934 0.000 0.001 -0.001 -0.002 1.000]]
	]
	"Koleno_L_end" [
		[0 [0.961 0.277 0.013 0.000 -0.277 0.961 0.023 0.000 -0.006 -0.026 1.000 0.000 0.000 -0.002 0.000 1.000]]
		[0.01639344 [0.956 0.293 0.005 0.000 -0.293 0.956 0.019 0.000 0.001 -0.020 1.000 0.000 0.000 -0.002 0.000 1.000]]
		[0.03278688 [0.951 0.309 -0.002 0.000 -0.309 0.951 0.016 0.000 0.007 -0.015 1.000 0.000 0.000 -0.002 0.000 1.000]]
		[0.04918033 [0.945 0.327 -0.009 0.000 -0.327 0.945 0.013 0.000 0.013 -0.009 1.000 0.000 0.000 -0.002 0.000 1.000]]
		[0.06557377 [0.938 0.346 -0.016 0.000 -0.346 0.938 0.010 0.000 0.019 -0.004 1.000 0.000 0.000 -0.002 0.000 1.000]]
		[0.08196721 [0.931 0.366 -0.023 0.000 -0.365 0.931 0.008 0.000 0.024 0.001 1.000 0.000 0.000 -0.002 0.000 1.000]]
		[0.09836066 [0.922 0.386 -0.030 0.000 -0.386 0.922 0.006 0.000 0.030 0.006 1.000 0.000 -0.001 -0.002 0.000 1.000]]
		[0.1147541 [0.913 0.407 -0.037 0.000 -0.407 0.913 0.004 0.000 0.035 0.011 0.999 0.000 -0.001 -0.002 0.000 1.000]]
		[0.1311475 [0.903 0.428 -0.044 0.000 -0.429 0.903 0.003 0.000 0.041 0.016 0.999 0.000 -0.001 -0.002 0.000 1.000]]
		[0.147541 [0.892 0.450 -0.051 0.000 -0.450 0.893 0.002 0.000 0.046 0.021 0.999 0.000 -0.001 -0.002 0.000 1.000]]
		[0.1639344 [0.880 0.472 -0.058 0.000 -0.472 0.881 0.002 0.000 0.052 0.026 0.998 0.000 -0.001 -0.002 0.000 1.000]]
		[0.1803279 [0.868 0.493 -0.065 0.000 -0.494 0.869 0.001 0.000 0.057 0.031 0.998 0.000 -0.001 -0.002 0.000 1.000]]
		[0.1967213 [0.855 0.514 -0.072 0.000 -0.516 0.857 0.002 0.000 0.062 0.036 0.997 0.000 -0.001 -0.002 0.000 1.000]]
		[0.2131148 [0.841 0.535 -0.079 0.000 -0.537 0.844 0.002 0.000 0.068 0.041 0.997 0.000 -0.001 -0.002 0.000 1.000]]
		[0.2295082 [0.827 0.556 -0.086 0.000 -0.557 0.830 0.003 0.000 0.073 0.045 0.996 0.000 -0.001 -0.002 0.000 1.000]]
		[0.2459016 [0.813 0.575 -0.093 0.000 -0.577 0.816 0.004 0.000 0.079 0.050 0.996 0.000 -0.001 -0.002 0.000 1.000]]
		[0.2622951 [0.798 0.594 -0.100 0.000 -0.597 0.802 0.006 0.000 0.084 0.055 0.995 0.000 -0.001 -0.002 0.000 1.000]]
		[0.2786885 [0.783 0.612 -0.108 0.000 -0.615 0.788 0.008 0.000 0.089 0.060 0.994 0.000 -0.001 -0.002 0.000 1.000]]
		[0.295082 [0.768 0.629 -0.115 0.000 -0.633 0.774 0.010 0.000 0.095 0.065 0.993 0.000 -0.001 -0.002 -0.001 1.000]]
		[0.3114754 [0.754 0.646 -0.122 0.000 -0.649 0.760 0.012 0.000 0.101 0.071 0.992 0.000 -0.001 -0.002 -0.001 1.000]]
		[0.3278688 [0.740 0.660 -0.130 0.000 -0.665 0.747 0.014 0.000 0.106 0.076 0.991 0.000 -0.001 -0.002 -0.001 1.000]]
		[0.3442623 [0.726 0.674 -0.138 0.000 -0.679 0.734 0.017 0.000 0.112 0.081 0.990 0.000 -0.001 -0.002 -0.001 1.000]]
		[0.3606557 [0.712 0.687 -0.145 0.000 -0.692 0.722 0.019 0.000 0.118 0.087 0.989 0.000 -0.001 -0.002 -0.001 1.000]]
		[0.3770492 [0.700 0.698 -0.153 0.000 -0.704 0.710 0.022 0.000 0.124 0.092 0.988 0.000 -0.002 -0.002 -0.001 1.000]]
		[0.3934426 [0.688 0.708 -0.161 0.000 -0.714 0.700 0.025 0.000 0.131 0.098 0.987 0.000 -0.002 -0.002 -0.001 1.000]]
		[0.4098361 [0.677 0.716 -0.170 0.000 -0.723 0.690 0.028 0.000 0.137 0.104 0.985 0.000 -0.002 -0.002 -0.001 1.000]]
		[0.4262295 [0.668 0.723 -0.178 0.000 -0.730 0.682 0.030 0.000 0.144 0.110 0.984 0.000 -0.002 -0.002 -0.001 1.000]]
		[0.442623 [0.659 0.728 -0.187 0.000 -0.737 0.676 0.033 0.000 0.150 0.116 0.982 0.000 -0.002 -0.002 -0.001 1.000]]
		[0.4590164 [0.653 0.732 -0.196 0.000 -0.741 0.670 0.035 0.000 0.157 0.123 0.980 0.000 -0.002 -0.002 -0.001 1.000]]
		[0.4754098 [0.647 0.734 -0.206 0.000 -0.744 0.667 0.037 0.000 0.164 0.129 0.978 0.000 -0.002 -0.002 -0.001 1.000]]
		[0.4918033 [0.644 0.734 -0.216 0.000 -0.746 0.665 0.038 0.000 0.172 0.136 0.976 0.000 -0.002 -0.002 -0.001 1.000]]
		[0.5081967 [0.642 0.732 -0.226 0.000 -0.745 0.666 0.039 0.000 0.179 0.143 0.973 0.000 -0.002 -0.002 -0.001 1.000]]
		[0.5245901 [0.642 0.729 -0.237 0.000 -0.743 0.668 0.040 0.000 0.187 0.151 0.971 0.000 -0.002 -0.002 -0.001 1.000]]
		[0.5409836 [0.644 0.724 -0.248 0.000 -0.740 0.672 0.040 0.000 0.195 0.158 0.968 0.000 -0.001 -0.002 -0.001 1.000]]
		[0.557377 [0.647 0.717 -0.260 0.000 -0.735 0.677 0.038 0.000 0.203 0.166 0.965 0.000 -0.001 -0.002 -0.001 1.000]]
		[0.5737705 [0.656 0.704 -0.273 0.000 -0.725 0.688 0.035 0.000 0.213 0.175 0.961 0.000 -0.001 -0.002 -0.001 1.000]]
		[0.5901639 [0.668 0.686 -0.288 0.000 -0.709 0.704 0.030 0.000 0.223 0.185 0.957 0.000 -0.001 -0.002 -0.001 1.000]]
		[0.6065574 [0.686 0.660 -0.305 0.000 -0.688 0.725 0.021 0.000 0.235 0.196 0.952 0.000 -0.001 -0.002 -0.001 1.000]]
		[0.6229508 [0.709 0.626 -0.325 0.000 -0.660 0.751 0.007 0.000 0.249 0.209 0.946 0.000 -0.001 -0.001 -0.002 1.000]]
		[0.6393443 [0.733 0.587 -0.344 0.000 -0.627 0.779 -0.009 0.000 0.262 0.222 0.939 0.000 -0.001 -0.001 -0.002 1.000]]
		[0.6557377 [0.758 0.542 -0.363 0.000 -0.591 0.806 -0.029 0.000 0.276 0.236 0.932 0.000 -0.001 -0.001 -0.002 1.000]]
		[0.6721311 [0.781 0.496 -0.379 0.000 -0.553 0.832 -0.051 0.000 0.290 0.250 0.924 0.000 -0.001 -0.001 -0.002 1.000]]
		[0.6885246 [0.803 0.448 -0.393 0.000 -0.513 0.855 -0.075 0.000 0.302 0.262 0.916 0.000 0.000 -0.001 -0.003 1.000]]
		[0.704918 [0.822 0.401 -0.404 0.000 -0.475 0.874 -0.099 0.000 0.313 0.274 0.909 0.000 0.000 -0.001 -0.003 1.000]]
		[0.7213115 [0.838 0.357 -0.412 0.000 -0.440 0.890 -0.122 0.000 0.323 0.284 0.903 0.000 0.000 -0.001 -0.003 1.000]]
		[0.7377049 [0.851 0.320 -0.417 0.000 -0.409 0.902 -0.142 0.000 0.330 0.291 0.898 0.000 0.000 -0.001 -0.003 1.000]]
		[0.7540984 [0.861 0.291 -0.418 0.000 -0.384 0.910 -0.157 0.000 0.335 0.296 0.895 0.000 0.000 -0.001 -0.003 1.000]]
		[0.7704918 [0.868 0.268 -0.417 0.000 -0.364 0.916 -0.169 0.000 0.337 0.298 0.893 0.000 0.000 -0.001 -0.003 1.000]]
		[0.7868853 [0.874 0.252 -0.415 0.000 -0.349 0.921 -0.176 0.000 0.337 0.298 0.893 0.000 0.000 -0.001 -0.003 1.000]]
		[0.8032787 [0.880 0.239 -0.411 0.000 -0.336 0.924 -0.181 0.000 0.337 0.297 0.893 0.000 0.000 -0.001 -0.003 1.000]]
		[0.8196721 [0.885 0.228 -0.406 0.000 -0.324 0.928 -0.185 0.000 0.335 0.295 0.895 0.000 0.000 -0.001 -0.003 1.000]]
		[0.8360656 [0.890 0.218 -0.401 0.000 -0.313 0.931 -0.187 0.000 0.332 0.292 0.897 0.000 0.000 -0.001 -0.003 1.000]]
		[0.852459 [0.894 0.211 -0.395 0.000 -0.304 0.934 -0.188 0.000 0.329 0.288 0.899 0.000 0.000 -0.001 -0.003 1.000]]
		[0.8688524 [0.899 0.205 -0.388 0.000 -0.295 0.937 -0.188 0.000 0.325 0.283 0.902 0.000 0.000 -0.001 -0.003 1.000]]
		[0.8852459 [0.903 0.202 -0.380 0.000 -0.288 0.939 -0.186 0.000 0.320 0.278 0.906 0.000 0.000 -0.001 -0.003 1.000]]
		[0.9016393 [0.906 0.200 -0.372 0.000 -0.283 0.942 -0.183 0.000 0.314 0.271 0.910 0.000 0.000 -0.001 -0.003 1.000]]
		[0.9180328 [0.910 0.199 -0.363 0.000 -0.278 0.944 -0.179 0.000 0.307 0.264 0.914 0.000 0.000 -0.001 -0.003 1.000]]
		[0.9344262 [0.914 0.200 -0.354 0.000 -0.275 0.946 -0.174 0.000 0.300 0.256 0.919 0.000 0.000 -0.001 -0.003 1.000]]
		[0.9508197 [0.917 0.203 -0.344 0.000 -0.272 0.947 -0.168 0.000 0.292 0.248 0.924 0.000 0.000 -0.001 -0.003 1.000]]
		[0.9672131 [0.920 0.206 -0.333 0.000 -0.271 0.949 -0.161 0.000 0.283 0.238 0.929 0.000 0.000 -0.001 -0.003 1.000]]
		[0.9836066 [0.923 0.211 -0.322 0.000 -0.271 0.950 -0.153 0.000 0.274 0.229 0.934 0.000 0.000 -0.001 -0.003 1.000]]
	]
	"Bedro_P" [
		[0 [0.812 0.584 0.014 0.000 -0.584 0.811 0.023 0.000 0.002 -0.027 1.000 0.000 0.000 -0.001 0.000 1.000]]
		[0.01639344 [0.812 0.584 0.015 0.000 -0.584 0.811 0.015 0.000 -0.003 -0.020 1.000 0.000 0.000 -0.001 0.000 1.000]]
		[0.03278688 [0.812 0.584 0.015 0.000 -0.584 0.812 0.006 0.000 -0.009 -0.014 1.000 0.000 0.000 -0.001 0.000 1.000]]
		[0.04918033 [0.812 0.584 0.016 0.000 -0.584 0.812 -0.002 0.000 -0.014 -0.008 1.000 0.000 0.000 -0.001 0.000 1.000]]
		[0.06557377 [0.812 0.584 0.017 0.000 -0.584 0.812 -0.010 0.000 -0.019 -0.002 1.000 0.000 0.000 -0.001 0.000 1.000]]
		[0.08196721 [0.812 0.584 0.018 0.000 -0.584 0.812 -0.017 0.000 -0.024 0.004 1.000 0.000 0.000 -0.001 0.000 1.000]]
		[0.09836066 [0.812 0.584 0.018 0.000 -0.583 0.812 -0.025 0.000 -0.029 0.010 1.000 0.000 0.000 -0.001 0.000 1.000]]
		[0.1147541 [0.812 0.584 0.019 0.000 -0.583 0.812 -0.032 0.000 -0.034 0.015 0.999 0.000 0.000 0.000 0.000 1.000]]
		[0.1311475 [0.812 0.583 0.020 0.000 -0.582 0.812 -0.040 0.000 -0.039 0.021 0.999 0.000 0.000 0.000 0.000 1.000]]
		[0.147541 [0.812 0.583 0.020 0.000 -0.582 0.812 -0.047 0.000 -0.044 0.027 0.999 0.000 0.000 0.000 0.000 1.000]]
		[0.1639344 [0.812 0.583 0.021 0.000 -0.581 0.812 -0.054 0.000 -0.049 0.032 0.998 0.000 0.000 0.000 0.000 1.000]]
		[0.1803279 [0.812 0.583 0.021 0.000 -0.581 0.812 -0.062 0.000 -0.053 0.038 0.998 0.000 0.000 0.000 0.000 1.000]]
		[0.1967213 [0.813 0.582 0.022 0.000 -0.580 0.812 -0.069 0.000 -0.058 0.043 0.997 0.000 0.000 0.000 0.000 1.000]]
		[0.2131148 [0.813 0.582 0.023 0.000 -0.579 0.812 -0.076 0.000 -0.063 0.049 0.997 0.000 0.000 0.000 0.000 1.000]]
		[0.2295082 [0.813 0.582 0.023 0.000 -0.579 0.811 -0.083 0.000 -0.067 0.054 0.996 0.000 0.000 0.000 0.000 1.000]]
		[0.2459016 [0.813 0.582 0.024 0.000 -0.578 0.811 -0.091 0.000 -0.072 0.060 0.996 0.000 0.000 0.000 0.000 1.000]]
		[0.2622951 [0.813 0.581 0.025 0.000 -0.577 0.811 -0.098 0.000 -0.077 0.065 0.995 0.000 0.000 0.000 0.000 1.000]]
		[0.2786885 [0.813 0.581 0.025 0.000 -0.576 0.811 -0.105 0.000 -0.082 0.071 0.994 0.000 0.000 0.000 0.000 1.000]]
		[0.295082 [0.814 0.581 0.026 0.000 -0.575 0.811 -0.113 0.000 -0.087 0.077 0.993 0.000 0.000 0.000 0.000 1.000]]
		[0.3114754 [0.814 0.580 0.027 0.000 -0.574 0.810 -0.121 0.000 -0.092 0.083 0.992 0.000 0.000 0.001 0.000 1.000]]
		[0.3278688 [0.814 0.580 0.028 0.000 -0.572 0.810 -0.128 0.000 -0.097 0.089 0.991 0.000 0.000 0.001 0.000 1.000]]
		[0.3442623 [0.815 0.579 0.028 0.000 -0.571 0.810 -0.136 0.000 -0.102 0.095 0.990 0.000 0.000 0.001 0.000 1.000]]
		[0.3606557 [0.815 0.579 0.029 0.000 -0.570 0.809 -0.144 0.000 -0.107 0.101 0.989 0.000 0.000 0.001 0.000 1.000]]
		[0.3770492 [0.815 0.578 0.030 0.000 -0.568 0.809 -0.153 0.000 -0.112 0.107 0.988 0.000 0.000 0.001 0.000 1.000]]
		[0.3934426 [0.816 0.578 0.031 0.000 -0.567 0.808 -0.161 0.000 -0.118 0.114 0.986 0.000 0.000 0.001 0.000 1.000]]
		[0.4098361 [0.816 0.577 0.032 0.000 -0.565 0.808 -0.170 0.000 -0.123 0.121 0.985 0.000 0.000 0.001 0.000 1.000]]
		[0.4262295 [0.816 0.577 0.033 0.000 -0.563 0.807 -0.179 0.000 -0.129 0.127 0.983 0.000 0.000 0.001 0.000 1.000]]
		[0.442623 [0.817 0.576 0.033 0.000 -0.561 0.806 -0.188 0.000 -0.135 0.135 0.982 0.000 0.000 0.001 0.000 1.000]]
		[0.4590164 [0.817 0.575 0.034 0.000 -0.559 0.806 -0.197 0.000 -0.141 0.142 0.980 0.000 0.000 0.001 0.000 1.000]]
		[0.4754098 [0.818 0.574 0.035 0.000 -0.556 0.805 -0.207 0.000 -0.147 0.149 0.978 0.000 0.000 0.001 0.000 1.000]]
		[0.4918033 [0.818 0.574 0.036 0.000 -0.554 0.804 -0.217 0.000 -0.154 0.157 0.976 0.000 0.000 0.001 0.000 1.000]]
		[0.5081967 [0.819 0.573 0.038 0.000 -0.551 0.803 -0.227 0.000 -0.160 0.165 0.973 0.000 0.000 0.001 0.000 1.000]]
		[0.5245901 [0.820 0.572 0.039 0.000 -0.548 0.802 -0.238 0.000 -0.167 0.174 0.971 0.000 0.000 0.001 0.000 1.000]]
		[0.5409836 [0.820 0.570 0.040 0.000 -0.545 0.801 -0.249 0.000 -0.174 0.182 0.968 0.000 0.000 0.001 0.000 1.000]]
		[0.557377 [0.821 0.569 0.041 0.000 -0.541 0.800 -0.260 0.000 -0.181 0.191 0.965 0.000 0.000 0.001 0.000 1.000]]
		[0.5737705 [0.822 0.568 0.043 0.000 -0.538 0.798 -0.272 0.000 -0.189 0.201 0.961 0.000 0.000 0.002 0.000 1.000]]
		[0.5901639 [0.822 0.568 0.044 0.000 -0.534 0.795 -0.287 0.000 -0.198 0.212 0.957 0.000 0.000 0.002 0.000 1.000]]
		[0.6065574 [0.822 0.568 0.045 0.000 -0.530 0.792 -0.303 0.000 -0.208 0.225 0.952 0.000 0.000 0.002 0.000 1.000]]
		[0.6229508 [0.822 0.568 0.046 0.000 -0.526 0.787 -0.322 0.000 -0.220 0.240 0.946 0.000 0.000 0.002 0.000 1.000]]
		[0.6393443 [0.821 0.568 0.048 0.000 -0.521 0.782 -0.341 0.000 -0.231 0.255 0.939 0.000 0.000 0.002 0.000 1.000]]
		[0.6557377 [0.821 0.568 0.049 0.000 -0.516 0.777 -0.361 0.000 -0.243 0.271 0.931 0.000 0.000 0.002 0.000 1.000]]
		[0.6721311 [0.822 0.568 0.050 0.000 -0.510 0.772 -0.380 0.000 -0.254 0.286 0.924 0.000 0.000 0.002 0.000 1.000]]
		[0.6885246 [0.823 0.566 0.052 0.000 -0.503 0.767 -0.397 0.000 -0.265 0.301 0.916 0.000 0.000 0.002 0.000 1.000]]
		[0.704918 [0.824 0.564 0.054 0.000 -0.495 0.764 -0.413 0.000 -0.274 0.314 0.909 0.000 0.000 0.002 0.000 1.000]]
		[0.7213115 [0.827 0.560 0.057 0.000 -0.487 0.762 -0.426 0.000 -0.282 0.325 0.903 0.000 0.000 0.001 0.000 1.000]]
		[0.7377049 [0.830 0.555 0.060 0.000 -0.478 0.762 -0.436 0.000 -0.288 0.333 0.898 0.000 0.000 0.001 0.000 1.000]]
		[0.7540984 [0.834 0.548 0.065 0.000 -0.468 0.765 -0.442 0.000 -0.292 0.339 0.895 0.000 0.000 0.001 0.000 1.000]]
		[0.7704918 [0.839 0.540 0.070 0.000 -0.458 0.769 -0.445 0.000 -0.294 0.341 0.893 0.000 0.000 0.001 0.000 1.000]]
		[0.7868853 [0.845 0.530 0.075 0.000 -0.447 0.776 -0.444 0.000 -0.294 0.342 0.893 0.000 0.000 0.001 0.000 1.000]]
		[0.8032787 [0.851 0.519 0.081 0.000 -0.436 0.784 -0.442 0.000 -0.293 0.341 0.893 0.000 0.000 0.001 0.000 1.000]]
		[0.8196721 [0.857 0.507 0.088 0.000 -0.424 0.793 -0.438 0.000 -0.292 0.339 0.895 0.000 0.000 0.001 0.000 1.000]]
		[0.8360656 [0.864 0.494 0.094 0.000 -0.411 0.802 -0.433 0.000 -0.289 0.335 0.897 0.000 0.000 0.001 0.000 1.000]]
		[0.852459 [0.871 0.480 0.101 0.000 -0.398 0.812 -0.426 0.000 -0.286 0.331 0.899 0.000 0.000 0.001 0.000 1.000]]
		[0.8688524 [0.879 0.465 0.108 0.000 -0.384 0.823 -0.418 0.000 -0.283 0.326 0.902 0.000 0.000 0.001 0.000 1.000]]
		[0.8852459 [0.886 0.449 0.114 0.000 -0.370 0.835 -0.408 0.000 -0.278 0.319 0.906 0.000 0.000 0.001 0.000 1.000]]
		[0.9016393 [0.894 0.431 0.120 0.000 -0.355 0.846 -0.397 0.000 -0.273 0.312 0.910 0.000 0.000 0.000 0.000 1.000]]
		[0.9180328 [0.902 0.413 0.126 0.000 -0.339 0.858 -0.385 0.000 -0.267 0.304 0.914 0.000 0.000 0.000 0.000 1.000]]
		[0.9344262 [0.910 0.394 0.132 0.000 -0.323 0.871 -0.372 0.000 -0.261 0.295 0.919 0.000 0.000 0.000 0.000 1.000]]
		[0.9508197 [0.918 0.373 0.137 0.000 -0.306 0.883 -0.357 0.000 -0.254 0.286 0.924 0.000 0.000 0.000 0.000 1.000]]
		[0.9672131 [0.925 0.352 0.141 0.000 -0.288 0.895 -0.342 0.000 -0.247 0.276 0.929 0.000 0.000 0.000 0.000 1.000]]
		[0.9836066 [0.933 0.329 0.145 0.000 -0.270 0.906 -0.326 0.000 -0.238 0.265 0.934 0.000 0.000 0.000 0.000 1.000]]
	]
	"Koleno_P" [
		[0 [0.694 0.720 -0.011 0.000 -0.720 0.694 -0.011 0.000 -0.001 0.016 1.000 0.000 0.003 -0.002 0.000 1.000]]
		[0.01639344 [0.693 0.721 -0.002 0.000 -0.721 0.693 -0.012 0.000 -0.007 0.010 1.000 0.000 0.003 -0.002 0.000 1.000]]
		[0.03278688 [0.692 0.722 0.006 0.000 -0.722 0.692 -0.013 0.000 -0.014 0.005 1.000 0.000 0.003 -0.002 0.000 1.000]]
		[0.04918033 [0.690 0.724 0.014 0.000 -0.724 0.690 -0.014 0.000 -0.020 -0.001 1.000 0.000 0.003 -0.002 0.000 1.000]]
		[0.06557377 [0.687 0.727 0.022 0.000 -0.726 0.687 -0.015 0.000 -0.026 -0.006 1.000 0.000 0.003 -0.002 0.000 1.000]]
		[0.08196721 [0.683 0.730 0.030 0.000 -0.730 0.684 -0.015 0.000 -0.031 -0.011 0.999 0.000 0.003 -0.002 0.000 1.000]]
		[0.09836066 [0.679 0.733 0.037 0.000 -0.733 0.680 -0.016 0.000 -0.037 -0.016 0.999 0.000 0.003 -0.002 0.000 1.000]]
		[0.1147541 [0.674 0.737 0.044 0.000 -0.737 0.675 -0.017 0.000 -0.043 -0.021 0.999 0.000 0.003 -0.002 0.000 1.000]]
		[0.1311475 [0.669 0.741 0.052 0.000 -0.742 0.671 -0.019 0.000 -0.048 -0.026 0.998 0.000 0.003 -0.002 0.000 1.000]]
		[0.147541 [0.664 0.746 0.059 0.000 -0.746 0.666 -0.020 0.000 -0.054 -0.031 0.998 0.000 0.003 -0.002 0.000 1.000]]
		[0.1639344 [0.658 0.750 0.066 0.000 -0.751 0.660 -0.021 0.000 -0.059 -0.035 0.998 0.000 0.003 -0.002 0.000 1.000]]
		[0.1803279 [0.652 0.755 0.073 0.000 -0.756 0.655 -0.023 0.000 -0.065 -0.040 0.997 0.000 0.003 -0.002 0.000 1.000]]
		[0.1967213 [0.646 0.759 0.080 0.000 -0.760 0.649 -0.024 0.000 -0.070 -0.045 0.997 0.000 0.003 -0.001 0.000 1.000]]
		[0.2131148 [0.640 0.764 0.087 0.000 -0.765 0.643 -0.026 0.000 -0.076 -0.050 0.996 0.000 0.003 -0.001 0.000 1.000]]
		[0.2295082 [0.633 0.768 0.094 0.000 -0.770 0.638 -0.028 0.000 -0.081 -0.055 0.995 0.000 0.003 -0.001 0.000 1.000]]
		[0.2459016 [0.627 0.772 0.101 0.000 -0.774 0.633 -0.030 0.000 -0.087 -0.060 0.994 0.000 0.003 -0.001 0.000 1.000]]
		[0.2622951 [0.621 0.776 0.108 0.000 -0.778 0.627 -0.032 0.000 -0.092 -0.064 0.994 0.000 0.003 -0.001 0.001 1.000]]
		[0.2786885 [0.616 0.779 0.115 0.000 -0.782 0.623 -0.034 0.000 -0.098 -0.069 0.993 0.000 0.003 -0.001 0.001 1.000]]
		[0.295082 [0.611 0.782 0.122 0.000 -0.785 0.618 -0.036 0.000 -0.103 -0.074 0.992 0.000 0.003 -0.001 0.001 1.000]]
		[0.3114754 [0.606 0.785 0.130 0.000 -0.788 0.614 -0.038 0.000 -0.109 -0.079 0.991 0.000 0.003 -0.001 0.001 1.000]]
		[0.3278688 [0.601 0.787 0.137 0.000 -0.791 0.611 -0.040 0.000 -0.115 -0.085 0.990 0.000 0.003 -0.001 0.001 1.000]]
		[0.3442623 [0.598 0.788 0.145 0.000 -0.792 0.609 -0.042 0.000 -0.121 -0.090 0.989 0.000 0.003 -0.001 0.001 1.000]]
		[0.3606557 [0.595 0.789 0.153 0.000 -0.794 0.607 -0.044 0.000 -0.127 -0.095 0.987 0.000 0.003 -0.001 0.001 1.000]]
		[0.3770492 [0.593 0.789 0.161 0.000 -0.794 0.606 -0.045 0.000 -0.133 -0.101 0.986 0.000 0.003 -0.001 0.001 1.000]]
		[0.3934426 [0.591 0.788 0.169 0.000 -0.794 0.606 -0.047 0.000 -0.140 -0.107 0.984 0.000 0.003 0.000 0.001 1.000]]
		[0.4098361 [0.591 0.787 0.178 0.000 -0.793 0.607 -0.048 0.000 -0.146 -0.112 0.983 0.000 0.003 0.000 0.001 1.000]]
		[0.4262295 [0.592 0.784 0.187 0.000 -0.792 0.609 -0.050 0.000 -0.153 -0.118 0.981 0.000 0.003 0.000 0.001 1.000]]
		[0.442623 [0.593 0.781 0.196 0.000 -0.789 0.612 -0.051 0.000 -0.159 -0.125 0.979 0.000 0.003 0.000 0.001 1.000]]
		[0.4590164 [0.596 0.776 0.206 0.000 -0.785 0.617 -0.051 0.000 -0.166 -0.131 0.977 0.000 0.003 0.000 0.001 1.000]]
		[0.4754098 [0.600 0.770 0.215 0.000 -0.781 0.623 -0.051 0.000 -0.174 -0.137 0.975 0.000 0.003 0.000 0.001 1.000]]
		[0.4918033 [0.605 0.763 0.226 0.000 -0.775 0.630 -0.051 0.000 -0.181 -0.144 0.973 0.000 0.003 0.000 0.001 1.000]]
		[0.5081967 [0.612 0.755 0.237 0.000 -0.768 0.638 -0.050 0.000 -0.189 -0.151 0.970 0.000 0.003 0.000 0.001 1.000]]
		[0.5245901 [0.620 0.745 0.248 0.000 -0.760 0.648 -0.048 0.000 -0.197 -0.159 0.968 0.000 0.003 0.000 0.001 1.000]]
		[0.5409836 [0.628 0.733 0.259 0.000 -0.750 0.659 -0.046 0.000 -0.205 -0.166 0.965 0.000 0.003 0.000 0.001 1.000]]
		[0.557377 [0.638 0.720 0.271 0.000 -0.740 0.672 -0.042 0.000 -0.213 -0.174 0.962 0.000 0.003 0.000 0.001 1.000]]
		[0.5737705 [0.652 0.703 0.285 0.000 -0.725 0.688 -0.037 0.000 -0.222 -0.182 0.958 0.000 0.003 0.000 0.001 1.000]]
		[0.5901639 [0.669 0.680 0.300 0.000 -0.706 0.707 -0.030 0.000 -0.233 -0.192 0.953 0.000 0.003 0.000 0.002 1.000]]
		[0.6065574 [0.689 0.652 0.318 0.000 -0.683 0.731 -0.019 0.000 -0.244 -0.204 0.948 0.000 0.003 0.000 0.002 1.000]]
		[0.6229508 [0.712 0.616 0.337 0.000 -0.653 0.758 -0.005 0.000 -0.258 -0.217 0.942 0.000 0.003 0.000 0.002 1.000]]
		[0.6393443 [0.736 0.576 0.356 0.000 -0.620 0.785 0.013 0.000 -0.272 -0.230 0.935 0.000 0.003 0.000 0.002 1.000]]
