{ :name "TeleportSpell" :length 0.9166667 :bones { 
	"Armature" [
		[0 [1.000 0.000 0.000 0.000 0.000 1.000 0.000 0.000 0.000 0.000 1.000 0.000 0.000 0.000 0.000 1.000]]
	]
	"Skelet" [
		[0 [1.000 0.000 0.000 0.000 0.000 1.000 0.000 0.000 0.000 0.000 1.000 0.000 0.000 0.001 0.000 1.000]]
		[0.01818182 [1.000 0.000 0.000 0.000 0.000 1.000 0.000 0.000 0.000 0.000 1.000 0.000 0.000 0.001 0.000 1.000]]
		[0.03636364 [1.000 0.000 0.000 0.000 0.000 1.000 0.000 0.000 0.000 0.000 1.000 0.000 0.000 0.001 0.000 1.000]]
		[0.05454545 [1.000 0.000 0.000 0.000 0.000 1.000 0.000 0.000 0.000 0.000 1.000 0.000 0.000 0.001 0.000 1.000]]
		[0.07272727 [1.000 0.000 0.000 0.000 0.000 1.000 0.000 0.000 0.000 0.000 1.000 0.000 0.000 0.001 0.000 1.000]]
		[0.09090909 [1.000 0.000 0.000 0.000 0.000 1.000 0.000 0.000 0.000 0.000 1.000 0.000 0.000 0.001 0.000 1.000]]
		[0.1090909 [1.000 0.000 0.000 0.000 0.000 1.000 0.000 0.000 0.000 0.000 1.000 0.000 0.000 0.001 0.000 1.000]]
		[0.1272727 [1.000 0.000 0.000 0.000 0.000 1.000 0.000 0.000 0.000 0.000 1.000 0.000 0.000 0.001 0.000 1.000]]
		[0.1454545 [1.000 0.000 0.000 0.000 0.000 1.000 0.000 0.000 0.000 0.000 1.000 0.000 0.000 0.001 0.000 1.000]]
		[0.1636364 [1.000 0.000 0.000 0.000 0.000 1.000 0.000 0.000 0.000 0.000 1.000 0.000 0.000 0.001 0.000 1.000]]
		[0.1818182 [1.000 0.000 0.000 0.000 0.000 1.000 0.000 0.000 0.000 0.000 1.000 0.000 0.000 0.001 0.000 1.000]]
		[0.2 [1.000 0.000 0.000 0.000 0.000 1.000 0.000 0.000 0.000 0.000 1.000 0.000 0.000 0.001 0.000 1.000]]
		[0.2181818 [1.000 0.000 0.000 0.000 0.000 1.000 0.000 0.000 0.000 0.000 1.000 0.000 0.000 0.002 0.000 1.000]]
		[0.2363636 [1.000 0.000 0.000 0.000 0.000 1.000 0.000 0.000 0.000 0.000 1.000 0.000 0.000 0.002 0.000 1.000]]
		[0.2545455 [1.000 0.000 0.000 0.000 0.000 1.000 0.000 0.000 0.000 0.000 1.000 0.000 0.000 0.002 0.000 1.000]]
		[0.2727273 [1.000 0.000 0.000 0.000 0.000 1.000 0.000 0.000 0.000 0.000 1.000 0.000 0.000 0.002 0.000 1.000]]
		[0.2909091 [1.000 0.000 0.000 0.000 0.000 1.000 0.000 0.000 0.000 0.000 1.000 0.000 0.000 0.003 0.000 1.000]]
		[0.3090909 [1.000 0.000 0.000 0.000 0.000 1.000 0.000 0.000 0.000 0.000 1.000 0.000 0.000 0.003 0.000 1.000]]
		[0.3272727 [1.000 0.000 0.000 0.000 0.000 1.000 0.001 0.000 0.000 -0.001 1.000 0.000 0.000 0.003 0.000 1.000]]
		[0.3454545 [1.000 0.000 0.000 0.000 0.000 1.000 -0.011 0.000 0.000 0.011 1.000 0.000 0.000 0.003 0.000 1.000]]
		[0.3636364 [1.000 0.000 -0.012 0.000 0.000 0.998 -0.056 0.000 0.012 0.056 0.998 0.000 0.000 0.003 0.000 1.000]]
		[0.3818182 [0.999 -0.003 -0.048 0.000 -0.003 0.993 -0.116 0.000 0.048 0.116 0.992 0.000 0.000 0.003 0.000 1.000]]
		[0.4 [0.994 -0.009 -0.111 0.000 -0.009 0.986 -0.166 0.000 0.111 0.166 0.980 0.000 0.000 0.002 0.000 1.000]]
		[0.4181818 [0.982 -0.018 -0.189 0.000 -0.018 0.983 -0.183 0.000 0.189 0.183 0.965 0.000 0.000 0.002 0.000 1.000]]
		[0.4363636 [0.967 -0.021 -0.255 0.000 -0.021 0.987 -0.159 0.000 0.255 0.159 0.954 0.000 0.000 0.002 0.000 1.000]]
		[0.4545455 [0.960 -0.015 -0.278 0.000 -0.015 0.994 -0.104 0.000 0.278 0.104 0.955 0.000 0.000 0.002 0.000 1.000]]
		[0.4727273 [0.972 -0.005 -0.233 0.000 -0.005 0.999 -0.044 0.000 0.233 0.044 0.971 0.000 0.000 0.001 0.000 1.000]]
		[0.4909091 [0.995 0.000 -0.102 0.000 0.000 1.000 -0.005 0.000 0.102 0.005 0.995 0.000 0.000 0.001 0.000 1.000]]
		[0.5090909 [0.992 0.000 0.126 0.000 0.000 1.000 -0.005 0.000 -0.126 0.005 0.992 0.000 0.000 0.001 0.000 1.000]]
		[0.5272727 [0.903 0.010 0.430 0.000 0.010 0.999 -0.044 0.000 -0.430 0.044 0.902 0.000 0.000 0.001 0.000 1.000]]
		[0.5454546 [0.670 0.048 0.741 0.000 0.048 0.993 -0.107 0.000 -0.741 0.107 0.663 0.000 0.000 0.001 0.000 1.000]]
		[0.5636364 [0.281 0.121 0.952 0.000 0.121 0.980 -0.160 0.000 -0.952 0.160 0.260 0.000 0.000 0.001 0.000 1.000]]
		[0.5818182 [-0.207 0.213 0.955 0.000 0.213 0.962 -0.168 0.000 -0.955 0.168 -0.245 0.000 0.000 0.001 0.000 1.000]]
		[0.6 [-0.663 0.285 0.693 0.000 0.285 0.951 -0.119 0.000 -0.693 0.119 -0.712 0.000 0.000 0.001 0.000 1.000]]
		[0.6181818 [-0.930 0.301 0.210 0.000 0.301 0.953 -0.033 0.000 -0.210 0.033 -0.977 0.000 0.000 0.001 0.000 1.000]]
		[0.6363636 [-0.903 0.254 -0.345 0.000 0.254 0.966 0.046 0.000 0.345 -0.046 -0.937 0.000 0.000 0.001 0.000 1.000]]
		[0.6545454 [-0.590 0.170 -0.789 0.000 0.170 0.982 0.084 0.000 0.789 -0.084 -0.608 0.000 0.000 0.001 0.000 1.000]]
		[0.6727273 [-0.109 0.087 -0.990 0.000 0.087 0.993 0.077 0.000 0.990 -0.077 -0.115 0.000 0.000 0.001 0.000 1.000]]
		[0.6909091 [0.376 0.031 -0.926 0.000 0.031 0.998 0.047 0.000 0.926 -0.047 0.375 0.000 0.000 0.001 0.000 1.000]]
		[0.7090909 [0.739 0.007 -0.673 0.000 0.007 1.000 0.018 0.000 0.673 -0.018 0.739 0.000 0.000 0.001 0.000 1.000]]
		[0.7272727 [0.936 0.001 -0.351 0.000 0.001 1.000 0.003 0.000 0.351 -0.003 0.936 0.000 0.000 0.001 0.000 1.000]]
		[0.7454545 [0.998 0.000 -0.060 0.000 0.000 1.000 0.000 0.000 0.060 0.000 0.998 0.000 0.000 0.001 0.000 1.000]]
		[0.7636364 [0.990 0.000 0.144 0.000 0.000 1.000 0.000 0.000 -0.144 0.000 0.990 0.000 0.000 0.001 0.000 1.000]]
		[0.7818182 [0.966 0.000 0.259 0.000 0.000 1.000 0.000 0.000 -0.259 0.000 0.966 0.000 0.000 0.001 0.000 1.000]]
		[0.8 [0.953 0.000 0.303 0.000 0.000 1.000 0.000 0.000 -0.303 0.000 0.953 0.000 0.000 0.001 0.000 1.000]]
		[0.8181818 [0.956 0.000 0.295 0.000 0.000 1.000 0.000 0.000 -0.295 0.000 0.956 0.000 0.000 0.001 0.000 1.000]]
		[0.8363636 [0.968 0.000 0.249 0.000 0.000 1.000 0.000 0.000 -0.249 0.000 0.968 0.000 0.000 0.001 0.000 1.000]]
		[0.8545455 [0.983 0.000 0.182 0.000 0.000 1.000 0.000 0.000 -0.182 0.000 0.983 0.000 0.000 0.001 0.000 1.000]]
		[0.8727273 [0.994 0.000 0.107 0.000 0.000 1.000 0.000 0.000 -0.107 0.000 0.994 0.000 0.000 0.001 0.000 1.000]]
		[0.8909091 [0.999 0.000 0.042 0.000 0.000 1.000 0.000 0.000 -0.042 0.000 0.999 0.000 0.000 0.001 0.000 1.000]]
		[0.9090909 [1.000 0.000 0.007 0.000 0.000 1.000 0.000 0.000 -0.007 0.000 1.000 0.000 0.000 0.001 0.000 1.000]]
		[0.9272727 [1.000 0.000 0.000 0.000 0.000 1.000 0.000 0.000 0.000 0.000 1.000 0.000 0.000 0.001 0.000 1.000]]
		[0.9454545 [1.000 0.000 0.000 0.000 0.000 1.000 0.000 0.000 0.000 0.000 1.000 0.000 0.000 0.001 0.000 1.000]]
		[0.9636363 [1.000 0.000 0.000 0.000 0.000 1.000 0.000 0.000 0.000 0.000 1.000 0.000 0.000 0.001 0.000 1.000]]
		[0.9818182 [1.000 0.000 0.000 0.000 0.000 1.000 0.000 0.000 0.000 0.000 1.000 0.000 0.000 0.001 0.000 1.000]]
	]
	"Bedro_L" [
		[0 [0.962 0.271 -0.009 0.000 -0.271 0.962 -0.025 0.000 0.002 0.027 1.000 0.000 0.000 -0.001 0.000 1.000]]
		[0.01818182 [0.973 0.232 -0.010 0.000 -0.233 0.972 -0.031 0.000 0.002 0.033 0.999 0.000 0.000 -0.001 0.000 1.000]]
		[0.03636364 [0.982 0.191 -0.010 0.000 -0.191 0.981 -0.038 0.000 0.003 0.039 0.999 0.000 0.000 -0.001 0.000 1.000]]
		[0.05454545 [0.989 0.147 -0.010 0.000 -0.147 0.988 -0.045 0.000 0.003 0.046 0.999 0.000 0.000 -0.001 0.000 1.000]]
		[0.07272727 [0.995 0.103 -0.009 0.000 -0.104 0.993 -0.052 0.000 0.004 0.052 0.999 0.000 0.000 -0.001 0.000 1.000]]
		[0.09090909 [0.998 0.060 -0.008 0.000 -0.061 0.996 -0.058 0.000 0.004 0.059 0.998 0.000 0.000 -0.001 0.000 1.000]]
		[0.1090909 [1.000 0.020 -0.006 0.000 -0.021 0.998 -0.065 0.000 0.005 0.065 0.998 0.000 0.000 -0.001 0.000 1.000]]
		[0.1272727 [1.000 -0.016 -0.004 0.000 0.016 0.997 -0.070 0.000 0.005 0.070 0.998 0.000 0.000 -0.001 0.000 1.000]]
		[0.1454545 [0.999 -0.047 -0.002 0.000 0.047 0.996 -0.075 0.000 0.006 0.075 0.997 0.000 0.000 -0.001 0.000 1.000]]
		[0.1636364 [0.997 -0.071 0.000 0.000 0.071 0.994 -0.079 0.000 0.006 0.078 0.997 0.000 0.000 -0.001 0.000 1.000]]
		[0.1818182 [0.996 -0.087 0.001 0.000 0.087 0.993 -0.081 0.000 0.006 0.081 0.997 0.000 0.000 -0.001 0.000 1.000]]
		[0.2 [0.995 -0.096 0.002 0.000 0.096 0.992 -0.082 0.000 0.006 0.082 0.997 0.000 0.000 -0.001 0.000 1.000]]
		[0.2181818 [0.995 -0.100 0.002 0.000 0.100 0.992 -0.083 0.000 0.006 0.083 0.997 0.000 0.000 -0.002 0.000 1.000]]
		[0.2363636 [0.995 -0.099 0.002 0.000 0.099 0.992 -0.083 0.000 0.006 0.083 0.997 0.000 0.000 -0.002 0.000 1.000]]
		[0.2545455 [0.996 -0.095 0.002 0.000 0.095 0.992 -0.082 0.000 0.006 0.082 0.997 0.000 0.000 -0.002 0.000 1.000]]
		[0.2727273 [0.996 -0.089 0.001 0.000 0.089 0.993 -0.081 0.000 0.006 0.081 0.997 0.000 0.000 -0.002 0.000 1.000]]
		[0.2909091 [0.997 -0.083 0.001 0.000 0.082 0.993 -0.080 0.000 0.006 0.080 0.997 0.000 0.000 -0.003 0.000 1.000]]
		[0.3090909 [0.997 -0.077 0.000 0.000 0.077 0.994 -0.080 0.000 0.006 0.079 0.997 0.000 0.000 -0.003 0.000 1.000]]
		[0.3272727 [0.997 -0.073 0.000 0.000 0.073 0.994 -0.079 0.000 0.006 0.079 0.997 0.000 0.000 -0.003 0.000 1.000]]
		[0.3454545 [0.996 -0.085 0.001 0.000 0.085 0.993 -0.079 0.000 0.006 0.079 0.997 0.000 0.000 -0.003 0.000 1.000]]
		[0.3636364 [0.992 -0.129 0.013 0.000 0.130 0.988 -0.079 0.000 -0.003 0.080 0.997 0.000 0.000 -0.003 0.000 1.000]]
		[0.3818182 [0.981 -0.188 0.051 0.000 0.192 0.978 -0.076 0.000 -0.035 0.084 0.996 0.000 0.000 -0.003 0.000 1.000]]
		[0.4 [0.965 -0.235 0.116 0.000 0.244 0.967 -0.069 0.000 -0.096 0.095 0.991 0.000 0.000 -0.002 0.000 1.000]]
		[0.4181818 [0.949 -0.249 0.194 0.000 0.265 0.962 -0.060 0.000 -0.172 0.108 0.979 0.000 0.000 -0.002 0.000 1.000]]
		[0.4363636 [0.940 -0.222 0.259 0.000 0.245 0.968 -0.056 0.000 -0.238 0.116 0.964 0.000 0.000 -0.002 0.000 1.000]]
		[0.4545455 [0.945 -0.168 0.281 0.000 0.192 0.979 -0.062 0.000 -0.265 0.113 0.958 0.000 0.000 -0.001 0.000 1.000]]
		[0.4727273 [0.966 -0.110 0.234 0.000 0.130 0.989 -0.072 0.000 -0.224 0.100 0.969 0.000 0.000 -0.001 0.000 1.000]]
		[0.4909091 [0.992 -0.076 0.102 0.000 0.085 0.993 -0.078 0.000 -0.095 0.086 0.992 0.000 0.000 -0.001 0.000 1.000]]
		[0.5090909 [0.989 -0.083 -0.126 0.000 0.073 0.994 -0.079 0.000 0.132 0.069 0.989 0.000 0.000 -0.001 0.000 1.000]]
		[0.5272727 [0.895 -0.125 -0.429 0.000 0.098 0.992 -0.086 0.000 0.436 0.035 0.899 0.000 0.000 -0.001 0.000 1.000]]
		[0.5454546 [0.651 -0.183 -0.737 0.000 0.146 0.983 -0.115 0.000 0.745 -0.032 0.666 0.000 0.001 -0.001 0.000 1.000]]
		[0.5636364 [0.244 -0.217 -0.945 0.000 0.184 0.967 -0.174 0.000 0.952 -0.132 0.276 0.000 0.001 -0.001 -0.001 1.000]]
		[0.5818182 [-0.262 -0.193 -0.946 0.000 0.182 0.952 -0.245 0.000 0.948 -0.236 -0.214 0.000 0.001 -0.001 -0.002 1.000]]
		[0.6 [-0.723 -0.108 -0.682 0.000 0.132 0.948 -0.290 0.000 0.678 -0.300 -0.671 0.000 0.001 -0.001 -0.002 1.000]]
		[0.6181818 [-0.980 0.005 -0.201 0.000 0.062 0.958 -0.280 0.000 0.191 -0.287 -0.939 0.000 0.000 -0.001 -0.002 1.000]]
		[0.6363636 [-0.932 0.090 0.352 0.000 0.013 0.976 -0.216 0.000 -0.363 -0.196 -0.911 0.000 -0.001 -0.001 -0.002 1.000]]
		[0.6545454 [-0.600 0.112 0.792 0.000 0.012 0.991 -0.131 0.000 -0.800 -0.069 -0.596 0.000 -0.001 -0.001 -0.002 1.000]]
		[0.6727273 [-0.109 0.074 0.991 0.000 0.050 0.996 -0.069 0.000 -0.993 0.042 -0.113 0.000 -0.001 -0.001 -0.001 1.000]]
		[0.6909091 [0.376 0.008 0.927 0.000 0.094 0.994 -0.046 0.000 -0.922 0.105 0.373 0.000 -0.001 -0.001 -0.001 1.000]]
		[0.7090909 [0.737 -0.049 0.675 0.000 0.117 0.992 -0.055 0.000 -0.666 0.119 0.736 0.000 -0.001 -0.001 0.000 1.000]]
		[0.7272727 [0.933 -0.076 0.352 0.000 0.109 0.991 -0.072 0.000 -0.344 0.106 0.933 0.000 -0.001 -0.001 0.000 1.000]]
		[0.7454545 [0.995 -0.077 0.061 0.000 0.082 0.993 -0.079 0.000 -0.054 0.084 0.995 0.000 0.000 -0.001 0.000 1.000]]
		[0.7636364 [0.988 -0.061 -0.145 0.000 0.051 0.996 -0.074 0.000 0.149 0.065 0.987 0.000 0.000 -0.001 0.000 1.000]]
		[0.7818182 [0.965 -0.034 -0.261 0.000 0.019 0.998 -0.059 0.000 0.263 0.052 0.963 0.000 0.000 -0.001 0.000 1.000]]
		[0.8 [0.952 0.000 -0.307 0.000 -0.013 0.999 -0.041 0.000 0.307 0.043 0.951 0.000 0.000 -0.001 0.000 1.000]]
		[0.8181818 [0.953 0.039 -0.300 0.000 -0.048 0.999 -0.025 0.000 0.298 0.038 0.954 0.000 0.000 -0.001 0.000 1.000]]
		[0.8363636 [0.964 0.081 -0.255 0.000 -0.087 0.996 -0.014 0.000 0.253 0.036 0.967 0.000 0.000 -0.001 0.000 1.000]]
		[0.8545455 [0.974 0.125 -0.188 0.000 -0.130 0.992 -0.010 0.000 0.185 0.034 0.982 0.000 0.000 -0.001 0.000 1.000]]
		[0.8727273 [0.979 0.170 -0.114 0.000 -0.173 0.985 -0.014 0.000 0.110 0.034 0.993 0.000 0.000 -0.001 0.000 1.000]]
		[0.8909091 [0.975 0.214 -0.051 0.000 -0.216 0.976 -0.022 0.000 0.045 0.032 0.998 0.000 0.000 -0.001 0.000 1.000]]
		[0.9090909 [0.967 0.255 -0.016 0.000 -0.255 0.966 -0.025 0.000 0.009 0.029 1.000 0.000 0.000 -0.001 0.000 1.000]]
		[0.9272727 [0.962 0.271 -0.009 0.000 -0.271 0.962 -0.025 0.000 0.002 0.027 1.000 0.000 0.000 -0.001 0.000 1.000]]
		[0.9454545 [0.962 0.271 -0.009 0.000 -0.271 0.962 -0.025 0.000 0.002 0.027 1.000 0.000 0.000 -0.001 0.000 1.000]]
		[0.9636363 [0.962 0.271 -0.009 0.000 -0.271 0.962 -0.025 0.000 0.002 0.027 1.000 0.000 0.000 -0.001 0.000 1.000]]
		[0.9818182 [0.962 0.271 -0.009 0.000 -0.271 0.962 -0.025 0.000 0.002 0.027 1.000 0.000 0.000 -0.001 0.000 1.000]]
	]
	"Koleno_L" [
		[0 [0.961 0.277 0.013 0.000 -0.277 0.961 0.023 0.000 -0.006 -0.026 1.000 0.000 0.001 -0.001 0.000 1.000]]
		[0.01818182 [0.961 0.277 0.013 0.000 -0.277 0.960 0.028 0.000 -0.005 -0.031 1.000 0.000 0.001 -0.001 0.000 1.000]]
		[0.03636364 [0.961 0.277 0.014 0.000 -0.277 0.960 0.033 0.000 -0.005 -0.036 0.999 0.000 0.001 -0.001 0.000 1.000]]
		[0.05454545 [0.961 0.277 0.016 0.000 -0.277 0.960 0.038 0.000 -0.004 -0.041 0.999 0.000 0.001 -0.001 0.000 1.000]]
		[0.07272727 [0.961 0.277 0.017 0.000 -0.277 0.960 0.044 0.000 -0.004 -0.047 0.999 0.000 0.000 -0.001 0.000 1.000]]
		[0.09090909 [0.961 0.277 0.018 0.000 -0.277 0.960 0.049 0.000 -0.004 -0.052 0.999 0.000 0.000 -0.001 0.000 1.000]]
		[0.1090909 [0.961 0.277 0.020 0.000 -0.277 0.959 0.053 0.000 -0.004 -0.056 0.998 0.000 0.000 -0.001 0.000 1.000]]
		[0.1272727 [0.961 0.277 0.021 0.000 -0.277 0.959 0.057 0.000 -0.004 -0.061 0.998 0.000 0.000 -0.001 0.000 1.000]]
		[0.1454545 [0.961 0.276 0.022 0.000 -0.277 0.959 0.061 0.000 -0.004 -0.064 0.998 0.000 0.000 -0.001 0.000 1.000]]
		[0.1636364 [0.961 0.276 0.023 0.000 -0.277 0.959 0.063 0.000 -0.005 -0.067 0.998 0.000 0.000 -0.001 0.000 1.000]]
		[0.1818182 [0.961 0.276 0.024 0.000 -0.277 0.959 0.065 0.000 -0.005 -0.069 0.998 0.000 -0.001 -0.001 0.000 1.000]]
		[0.2 [0.961 0.276 0.024 0.000 -0.277 0.958 0.066 0.000 -0.005 -0.070 0.998 0.000 -0.001 -0.001 0.000 1.000]]
		[0.2181818 [0.961 0.276 0.024 0.000 -0.277 0.958 0.067 0.000 -0.005 -0.071 0.997 0.000 -0.001 -0.002 0.000 1.000]]
		[0.2363636 [0.961 0.276 0.024 0.000 -0.277 0.958 0.066 0.000 -0.005 -0.071 0.997 0.000 -0.001 -0.002 0.000 1.000]]
		[0.2545455 [0.961 0.276 0.024 0.000 -0.277 0.959 0.066 0.000 -0.005 -0.070 0.998 0.000 -0.001 -0.002 0.000 1.000]]
		[0.2727273 [0.961 0.276 0.024 0.000 -0.277 0.959 0.065 0.000 -0.005 -0.069 0.998 0.000 -0.001 -0.002 0.000 1.000]]
		[0.2909091 [0.961 0.276 0.024 0.000 -0.277 0.959 0.065 0.000 -0.005 -0.069 0.998 0.000 -0.001 -0.003 0.000 1.000]]
		[0.3090909 [0.961 0.276 0.023 0.000 -0.277 0.959 0.064 0.000 -0.005 -0.068 0.998 0.000 -0.001 -0.003 0.000 1.000]]
		[0.3272727 [0.961 0.275 0.023 0.000 -0.276 0.959 0.064 0.000 -0.005 -0.068 0.998 0.000 -0.001 -0.003 0.000 1.000]]
		[0.3454545 [0.958 0.287 0.024 0.000 -0.288 0.956 0.063 0.000 -0.004 -0.068 0.998 0.000 -0.001 -0.003 0.000 1.000]]
		[0.3636364 [0.944 0.329 0.035 0.000 -0.331 0.942 0.059 0.000 -0.013 -0.067 0.998 0.000 -0.001 -0.003 0.000 1.000]]
		[0.3818182 [0.920 0.386 0.069 0.000 -0.389 0.920 0.044 0.000 -0.046 -0.067 0.997 0.000 -0.001 -0.003 0.000 1.000]]
		[0.4 [0.894 0.431 0.127 0.000 -0.436 0.900 0.016 0.000 -0.107 -0.069 0.992 0.000 -0.001 -0.002 0.000 1.000]]
		[0.4181818 [0.873 0.446 0.197 0.000 -0.451 0.892 -0.020 0.000 -0.185 -0.072 0.980 0.000 -0.001 -0.002 0.000 1.000]]
		[0.4363636 [0.868 0.424 0.257 0.000 -0.427 0.903 -0.046 0.000 -0.252 -0.070 0.965 0.000 -0.001 -0.002 0.000 1.000]]
		[0.4545455 [0.884 0.374 0.280 0.000 -0.376 0.925 -0.048 0.000 -0.277 -0.063 0.959 0.000 -0.001 -0.001 0.000 1.000]]
		[0.4727273 [0.917 0.317 0.241 0.000 -0.321 0.947 -0.023 0.000 -0.235 -0.057 0.970 0.000 -0.001 -0.001 0.000 1.000]]
		[0.4909091 [0.953 0.281 0.118 0.000 -0.286 0.958 0.028 0.000 -0.105 -0.061 0.993 0.000 0.000 -0.001 0.000 1.000]]
		[0.5090909 [0.954 0.284 -0.096 0.000 -0.273 0.956 0.107 0.000 0.122 -0.076 0.990 0.000 -0.001 -0.001 0.000 1.000]]
		[0.5272727 [0.864 0.331 -0.379 0.000 -0.265 0.940 0.215 0.000 0.427 -0.086 0.900 0.000 -0.001 -0.001 0.001 1.000]]
		[0.5454546 [0.630 0.409 -0.661 0.000 -0.229 0.910 0.345 0.000 0.742 -0.066 0.667 0.000 -0.002 -0.001 0.001 1.000]]
		[0.5636364 [0.241 0.485 -0.841 0.000 -0.132 0.874 0.467 0.000 0.961 -0.002 0.275 0.000 -0.002 -0.001 0.002 1.000]]
		[0.5818182 [-0.235 0.521 -0.821 0.000 0.033 0.848 0.529 0.000 0.972 0.097 -0.216 0.000 -0.002 -0.001 0.003 1.000]]
		[0.6 [-0.664 0.497 -0.559 0.000 0.226 0.846 0.483 0.000 0.713 0.194 -0.674 0.000 -0.002 -0.001 0.004 1.000]]
		[0.6181818 [-0.898 0.426 -0.107 0.000 0.375 0.870 0.320 0.000 0.229 0.247 -0.941 0.000 -0.001 -0.001 0.004 1.000]]
		[0.6363636 [-0.850 0.344 0.398 0.000 0.408 0.909 0.087 0.000 -0.332 0.237 -0.913 0.000 0.000 -0.001 0.004 1.000]]
		[0.6545454 [-0.540 0.285 0.792 0.000 0.310 0.942 -0.127 0.000 -0.783 0.177 -0.597 0.000 0.001 -0.001 0.003 1.000]]
		[0.6727273 [-0.084 0.260 0.962 0.000 0.125 0.961 -0.248 0.000 -0.989 0.099 -0.113 0.000 0.001 -0.001 0.002 1.000]]
		[0.6909091 [0.369 0.259 0.893 0.000 -0.068 0.965 -0.252 0.000 -0.927 0.032 0.374 0.000 0.001 -0.001 0.001 1.000]]
		[0.7090909 [0.708 0.267 0.654 0.000 -0.206 0.964 -0.170 0.000 -0.676 -0.014 0.737 0.000 0.000 -0.001 0.001 1.000]]
		[0.7272727 [0.895 0.273 0.353 0.000 -0.270 0.961 -0.057 0.000 -0.355 -0.044 0.934 0.000 0.000 -0.001 0.000 1.000]]
		[0.7454545 [0.958 0.276 0.080 0.000 -0.280 0.959 0.044 0.000 -0.065 -0.064 0.996 0.000 0.000 -0.001 0.000 1.000]]
		[0.7636364 [0.954 0.279 -0.113 0.000 -0.267 0.957 0.111 0.000 0.139 -0.075 0.987 0.000 -0.001 -0.001 0.000 1.000]]
		[0.7818182 [0.933 0.282 -0.222 0.000 -0.254 0.956 0.146 0.000 0.253 -0.079 0.964 0.000 0.000 -0.001 0.000 1.000]]
		[0.8 [0.922 0.284 -0.265 0.000 -0.249 0.956 0.157 0.000 0.298 -0.078 0.951 0.000 0.000 -0.001 0.000 1.000]]
		[0.8181818 [0.923 0.283 -0.259 0.000 -0.252 0.956 0.150 0.000 0.290 -0.073 0.954 0.000 0.000 -0.001 0.000 1.000]]
		[0.8363636 [0.934 0.282 -0.217 0.000 -0.259 0.957 0.130 0.000 0.245 -0.065 0.967 0.000 0.000 -0.001 0.000 1.000]]
		[0.8545455 [0.947 0.280 -0.155 0.000 -0.267 0.958 0.102 0.000 0.177 -0.056 0.983 0.000 0.000 -0.001 0.000 1.000]]
		[0.8727273 [0.957 0.279 -0.086 0.000 -0.273 0.959 0.072 0.000 0.102 -0.045 0.994 0.000 0.001 -0.001 0.000 1.000]]
		[0.8909091 [0.960 0.278 -0.026 0.000 -0.276 0.960 0.045 0.000 0.037 -0.036 0.999 0.000 0.001 -0.001 0.000 1.000]]
		[0.9090909 [0.961 0.277 0.006 0.000 -0.277 0.960 0.028 0.000 0.002 -0.028 1.000 0.000 0.001 -0.001 0.000 1.000]]
		[0.9272727 [0.961 0.277 0.013 0.000 -0.277 0.961 0.023 0.000 -0.006 -0.026 1.000 0.000 0.001 -0.001 0.000 1.000]]
		[0.9454545 [0.961 0.277 0.013 0.000 -0.277 0.961 0.023 0.000 -0.006 -0.026 1.000 0.000 0.001 -0.001 0.000 1.000]]
		[0.9636363 [0.961 0.277 0.013 0.000 -0.277 0.961 0.023 0.000 -0.006 -0.026 1.000 0.000 0.001 -0.001 0.000 1.000]]
		[0.9818182 [0.961 0.277 0.013 0.000 -0.277 0.961 0.023 0.000 -0.006 -0.026 1.000 0.000 0.001 -0.001 0.000 1.000]]
	]
	"Koleno_L_end" [
		[0 [0.961 0.277 0.013 0.000 -0.277 0.961 0.023 0.000 -0.006 -0.026 1.000 0.000 0.000 -0.002 0.000 1.000]]
		[0.01818182 [0.961 0.277 0.013 0.000 -0.277 0.960 0.028 0.000 -0.005 -0.031 1.000 0.000 0.000 -0.002 0.000 1.000]]
		[0.03636364 [0.961 0.277 0.014 0.000 -0.277 0.960 0.033 0.000 -0.005 -0.036 0.999 0.000 -0.001 -0.001 0.000 1.000]]
		[0.05454545 [0.961 0.277 0.016 0.000 -0.277 0.960 0.038 0.000 -0.004 -0.041 0.999 0.000 -0.001 -0.001 0.000 1.000]]
		[0.07272727 [0.961 0.277 0.017 0.000 -0.277 0.960 0.044 0.000 -0.004 -0.047 0.999 0.000 -0.001 -0.001 0.001 1.000]]
		[0.09090909 [0.961 0.277 0.018 0.000 -0.277 0.960 0.049 0.000 -0.004 -0.052 0.999 0.000 -0.001 -0.001 0.001 1.000]]
		[0.1090909 [0.961 0.277 0.020 0.000 -0.277 0.959 0.053 0.000 -0.004 -0.056 0.998 0.000 -0.002 -0.001 0.001 1.000]]
		[0.1272727 [0.961 0.277 0.021 0.000 -0.277 0.959 0.057 0.000 -0.004 -0.061 0.998 0.000 -0.002 -0.001 0.001 1.000]]
		[0.1454545 [0.961 0.276 0.022 0.000 -0.277 0.959 0.061 0.000 -0.004 -0.064 0.998 0.000 -0.002 -0.001 0.001 1.000]]
		[0.1636364 [0.961 0.276 0.023 0.000 -0.277 0.959 0.063 0.000 -0.005 -0.067 0.998 0.000 -0.002 -0.001 0.001 1.000]]
		[0.1818182 [0.961 0.276 0.024 0.000 -0.277 0.959 0.065 0.000 -0.005 -0.069 0.998 0.000 -0.002 -0.001 0.001 1.000]]
		[0.2 [0.961 0.276 0.024 0.000 -0.277 0.958 0.066 0.000 -0.005 -0.070 0.998 0.000 -0.002 -0.002 0.001 1.000]]
		[0.2181818 [0.961 0.276 0.024 0.000 -0.277 0.958 0.067 0.000 -0.005 -0.071 0.997 0.000 -0.002 -0.002 0.001 1.000]]
		[0.2363636 [0.961 0.276 0.024 0.000 -0.277 0.958 0.066 0.000 -0.005 -0.071 0.997 0.000 -0.002 -0.002 0.001 1.000]]
		[0.2545455 [0.961 0.276 0.024 0.000 -0.277 0.959 0.066 0.000 -0.005 -0.070 0.998 0.000 -0.002 -0.002 0.001 1.000]]
		[0.2727273 [0.961 0.276 0.024 0.000 -0.277 0.959 0.065 0.000 -0.005 -0.069 0.998 0.000 -0.002 -0.003 0.001 1.000]]
		[0.2909091 [0.961 0.276 0.024 0.000 -0.277 0.959 0.065 0.000 -0.005 -0.069 0.998 0.000 -0.002 -0.003 0.001 1.000]]
		[0.3090909 [0.961 0.276 0.023 0.000 -0.277 0.959 0.064 0.000 -0.005 -0.068 0.998 0.000 -0.002 -0.003 0.001 1.000]]
		[0.3272727 [0.961 0.275 0.023 0.000 -0.276 0.959 0.064 0.000 -0.005 -0.068 0.998 0.000 -0.002 -0.003 0.001 1.000]]
		[0.3454545 [0.958 0.287 0.024 0.000 -0.288 0.956 0.063 0.000 -0.004 -0.068 0.998 0.000 -0.002 -0.003 0.001 1.000]]
		[0.3636364 [0.944 0.329 0.035 0.000 -0.331 0.942 0.059 0.000 -0.013 -0.067 0.998 0.000 -0.003 -0.003 0.001 1.000]]
		[0.3818182 [0.920 0.386 0.069 0.000 -0.389 0.920 0.044 0.000 -0.046 -0.067 0.997 0.000 -0.003 -0.003 0.001 1.000]]
		[0.4 [0.894 0.431 0.127 0.000 -0.436 0.900 0.016 0.000 -0.107 -0.069 0.992 0.000 -0.004 -0.003 0.000 1.000]]
		[0.4181818 [0.873 0.446 0.197 0.000 -0.451 0.892 -0.020 0.000 -0.185 -0.072 0.980 0.000 -0.004 -0.003 0.000 1.000]]
		[0.4363636 [0.868 0.424 0.257 0.000 -0.427 0.903 -0.046 0.000 -0.252 -0.070 0.965 0.000 -0.004 -0.002 0.000 1.000]]
		[0.4545455 [0.884 0.374 0.280 0.000 -0.376 0.925 -0.048 0.000 -0.277 -0.063 0.959 0.000 -0.003 -0.002 0.000 1.000]]
		[0.4727273 [0.917 0.317 0.241 0.000 -0.321 0.947 -0.023 0.000 -0.235 -0.057 0.970 0.000 -0.002 -0.002 0.000 1.000]]
		[0.4909091 [0.953 0.281 0.118 0.000 -0.286 0.958 0.028 0.000 -0.105 -0.061 0.993 0.000 -0.002 -0.001 0.001 1.000]]
		[0.5090909 [0.954 0.284 -0.096 0.000 -0.273 0.956 0.107 0.000 0.122 -0.076 0.990 0.000 -0.002 -0.001 0.001 1.000]]
		[0.5272727 [0.864 0.331 -0.379 0.000 -0.265 0.940 0.215 0.000 0.427 -0.086 0.900 0.000 -0.003 -0.001 0.002 1.000]]
		[0.5454546 [0.630 0.409 -0.661 0.000 -0.229 0.910 0.345 0.000 0.742 -0.066 0.667 0.000 -0.003 -0.001 0.003 1.000]]
		[0.5636364 [0.241 0.485 -0.841 0.000 -0.132 0.874 0.467 0.000 0.961 -0.002 0.275 0.000 -0.003 -0.002 0.005 1.000]]
		[0.5818182 [-0.235 0.521 -0.821 0.000 0.033 0.848 0.529 0.000 0.972 0.097 -0.216 0.000 -0.002 -0.002 0.006 1.000]]
		[0.6 [-0.664 0.497 -0.559 0.000 0.226 0.846 0.483 0.000 0.713 0.194 -0.674 0.000 0.000 -0.002 0.006 1.000]]
		[0.6181818 [-0.898 0.426 -0.107 0.000 0.375 0.870 0.320 0.000 0.229 0.247 -0.941 0.000 0.001 -0.002 0.006 1.000]]
		[0.6363636 [-0.850 0.344 0.398 0.000 0.408 0.909 0.087 0.000 -0.332 0.237 -0.913 0.000 0.003 -0.002 0.004 1.000]]
		[0.6545454 [-0.540 0.285 0.792 0.000 0.310 0.942 -0.127 0.000 -0.783 0.177 -0.597 0.000 0.003 -0.002 0.002 1.000]]
		[0.6727273 [-0.084 0.260 0.962 0.000 0.125 0.961 -0.248 0.000 -0.989 0.099 -0.113 0.000 0.002 -0.001 0.000 1.000]]
		[0.6909091 [0.369 0.259 0.893 0.000 -0.068 0.965 -0.252 0.000 -0.927 0.032 0.374 0.000 0.000 -0.001 0.000 1.000]]
		[0.7090909 [0.708 0.267 0.654 0.000 -0.206 0.964 -0.170 0.000 -0.676 -0.014 0.737 0.000 -0.001 -0.001 0.000 1.000]]
		[0.7272727 [0.895 0.273 0.353 0.000 -0.270 0.961 -0.057 0.000 -0.355 -0.044 0.934 0.000 -0.002 -0.001 0.000 1.000]]
		[0.7454545 [0.958 0.276 0.080 0.000 -0.280 0.959 0.044 0.000 -0.065 -0.064 0.996 0.000 -0.002 -0.001 0.001 1.000]]
		[0.7636364 [0.954 0.279 -0.113 0.000 -0.267 0.957 0.111 0.000 0.139 -0.075 0.987 0.000 -0.002 -0.001 0.001 1.000]]
		[0.7818182 [0.933 0.282 -0.222 0.000 -0.254 0.956 0.146 0.000 0.253 -0.079 0.964 0.000 -0.002 -0.001 0.001 1.000]]
		[0.8 [0.922 0.284 -0.265 0.000 -0.249 0.956 0.157 0.000 0.298 -0.078 0.951 0.000 -0.002 -0.001 0.001 1.000]]
		[0.8181818 [0.923 0.283 -0.259 0.000 -0.252 0.956 0.150 0.000 0.290 -0.073 0.954 0.000 -0.002 -0.001 0.001 1.000]]
		[0.8363636 [0.934 0.282 -0.217 0.000 -0.259 0.957 0.130 0.000 0.245 -0.065 0.967 0.000 -0.001 -0.001 0.001 1.000]]
		[0.8545455 [0.947 0.280 -0.155 0.000 -0.267 0.958 0.102 0.000 0.177 -0.056 0.983 0.000 -0.001 -0.001 0.001 1.000]]
		[0.8727273 [0.957 0.279 -0.086 0.000 -0.273 0.959 0.072 0.000 0.102 -0.045 0.994 0.000 -0.001 -0.001 0.000 1.000]]
		[0.8909091 [0.960 0.278 -0.026 0.000 -0.276 0.960 0.045 0.000 0.037 -0.036 0.999 0.000 -0.001 -0.002 0.000 1.000]]
		[0.9090909 [0.961 0.277 0.006 0.000 -0.277 0.960 0.028 0.000 0.002 -0.028 1.000 0.000 0.000 -0.002 0.000 1.000]]
		[0.9272727 [0.961 0.277 0.013 0.000 -0.277 0.961 0.023 0.000 -0.006 -0.026 1.000 0.000 0.000 -0.002 0.000 1.000]]
		[0.9454545 [0.961 0.277 0.013 0.000 -0.277 0.961 0.023 0.000 -0.006 -0.026 1.000 0.000 0.000 -0.002 0.000 1.000]]
		[0.9636363 [0.961 0.277 0.013 0.000 -0.277 0.961 0.023 0.000 -0.006 -0.026 1.000 0.000 0.000 -0.002 0.000 1.000]]
		[0.9818182 [0.961 0.277 0.013 0.000 -0.277 0.961 0.023 0.000 -0.006 -0.026 1.000 0.000 0.000 -0.002 0.000 1.000]]
	]
	"Bedro_P" [
		[0 [0.812 0.584 0.014 0.000 -0.584 0.811 0.023 0.000 0.002 -0.027 1.000 0.000 0.000 -0.001 0.000 1.000]]
		[0.01818182 [0.856 0.517 0.016 0.000 -0.518 0.855 0.029 0.000 0.002 -0.033 0.999 0.000 0.000 -0.001 0.000 1.000]]
		[0.03636364 [0.897 0.443 0.016 0.000 -0.443 0.896 0.036 0.000 0.001 -0.039 0.999 0.000 0.000 -0.001 0.000 1.000]]
		[0.05454545 [0.932 0.362 0.016 0.000 -0.362 0.931 0.043 0.000 0.001 -0.046 0.999 0.000 0.000 -0.001 0.000 1.000]]
		[0.07272727 [0.961 0.278 0.014 0.000 -0.278 0.959 0.050 0.000 0.000 -0.052 0.999 0.000 0.000 -0.001 0.000 1.000]]
		[0.09090909 [0.981 0.194 0.012 0.000 -0.195 0.979 0.058 0.000 0.000 -0.059 0.998 0.000 0.000 -0.001 0.000 1.000]]
		[0.1090909 [0.993 0.115 0.008 0.000 -0.115 0.991 0.064 0.000 -0.001 -0.065 0.998 0.000 0.000 -0.001 0.000 1.000]]
		[0.1272727 [0.999 0.043 0.004 0.000 -0.043 0.997 0.070 0.000 -0.001 -0.070 0.998 0.000 0.000 -0.001 0.000 1.000]]
		[0.1454545 [1.000 -0.019 0.000 0.000 0.019 0.997 0.075 0.000 -0.002 -0.075 0.997 0.000 0.000 -0.001 0.000 1.000]]
		[0.1636364 [0.998 -0.067 -0.003 0.000 0.067 0.995 0.078 0.000 -0.002 -0.078 0.997 0.000 0.000 -0.001 0.000 1.000]]
		[0.1818182 [0.995 -0.100 -0.006 0.000 0.100 0.992 0.081 0.000 -0.002 -0.081 0.997 0.000 0.000 -0.001 0.000 1.000]]
		[0.2 [0.993 -0.118 -0.008 0.000 0.118 0.990 0.082 0.000 -0.002 -0.082 0.997 0.000 0.000 -0.001 0.000 1.000]]
		[0.2181818 [0.992 -0.125 -0.008 0.000 0.125 0.989 0.082 0.000 -0.002 -0.083 0.997 0.000 0.000 -0.002 0.000 1.000]]
		[0.2363636 [0.992 -0.123 -0.008 0.000 0.123 0.989 0.082 0.000 -0.002 -0.083 0.997 0.000 0.000 -0.002 0.000 1.000]]
		[0.2545455 [0.993 -0.115 -0.007 0.000 0.115 0.990 0.082 0.000 -0.002 -0.082 0.997 0.000 0.000 -0.002 0.000 1.000]]
		[0.2727273 [0.995 -0.103 -0.006 0.000 0.103 0.991 0.081 0.000 -0.002 -0.081 0.997 0.000 0.000 -0.002 0.000 1.000]]
		[0.2909091 [0.996 -0.091 -0.005 0.000 0.091 0.993 0.080 0.000 -0.002 -0.080 0.997 0.000 0.000 -0.003 0.000 1.000]]
		[0.3090909 [0.997 -0.080 -0.004 0.000 0.080 0.994 0.079 0.000 -0.002 -0.079 0.997 0.000 0.000 -0.003 0.000 1.000]]
		[0.3272727 [0.997 -0.073 -0.004 0.000 0.073 0.994 0.079 0.000 -0.002 -0.079 0.997 0.000 0.000 -0.003 0.000 1.000]]
		[0.3454545 [0.996 -0.085 -0.004 0.000 0.085 0.993 0.079 0.000 -0.003 -0.079 0.997 0.000 0.000 -0.003 0.000 1.000]]
		[0.3636364 [0.992 -0.130 0.006 0.000 0.129 0.989 0.079 0.000 -0.016 -0.077 0.997 0.000 0.000 -0.003 0.000 1.000]]
		[0.3818182 [0.981 -0.190 0.041 0.000 0.187 0.979 0.081 0.000 -0.055 -0.072 0.996 0.000 0.000 -0.003 0.000 1.000]]
		[0.4 [0.965 -0.241 0.103 0.000 0.232 0.969 0.087 0.000 -0.121 -0.060 0.991 0.000 0.000 -0.002 0.000 1.000]]
		[0.4181818 [0.949 -0.259 0.180 0.000 0.245 0.965 0.094 0.000 -0.199 -0.045 0.979 0.000 0.000 -0.002 0.000 1.000]]
		[0.4363636 [0.940 -0.236 0.247 0.000 0.218 0.971 0.097 0.000 -0.263 -0.037 0.964 0.000 0.000 -0.002 0.000 1.000]]
		[0.4545455 [0.945 -0.182 0.272 0.000 0.163 0.982 0.091 0.000 -0.283 -0.042 0.958 0.000 0.000 -0.002 0.000 1.000]]
		[0.4727273 [0.966 -0.122 0.228 0.000 0.106 0.991 0.082 0.000 -0.236 -0.056 0.970 0.000 0.000 -0.001 0.000 1.000]]
		[0.4909091 [0.992 -0.082 0.097 0.000 0.074 0.994 0.079 0.000 -0.103 -0.071 0.992 0.000 0.000 -0.001 0.000 1.000]]
		[0.5090909 [0.989 -0.076 -0.130 0.000 0.087 0.993 0.078 0.000 0.124 -0.088 0.988 0.000 0.000 -0.001 0.000 1.000]]
		[0.5272727 [0.894 -0.105 -0.435 0.000 0.146 0.987 0.061 0.000 0.423 -0.118 0.898 0.000 -0.001 -0.001 0.000 1.000]]
		[0.5454546 [0.649 -0.150 -0.746 0.000 0.229 0.974 0.003 0.000 0.726 -0.173 0.666 0.000 -0.001 -0.001 0.000 1.000]]
		[0.5636364 [0.239 -0.178 -0.955 0.000 0.289 0.952 -0.105 0.000 0.927 -0.251 0.278 0.000 -0.001 -0.001 0.001 1.000]]
		[0.5818182 [-0.269 -0.159 -0.950 0.000 0.280 0.931 -0.235 0.000 0.922 -0.329 -0.206 0.000 -0.001 0.000 0.001 1.000]]
		[0.6 [-0.730 -0.094 -0.677 0.000 0.189 0.924 -0.332 0.000 0.657 -0.370 -0.657 0.000 -0.001 0.000 0.002 1.000]]
		[0.6181818 [-0.982 -0.013 -0.187 0.000 0.053 0.939 -0.341 0.000 0.179 -0.345 -0.921 0.000 0.000 0.000 0.002 1.000]]
		[0.6363636 [-0.929 0.038 0.369 0.000 -0.062 0.965 -0.255 0.000 -0.366 -0.260 -0.894 0.000 0.000 -0.001 0.002 1.000]]
		[0.6545454 [-0.592 0.032 0.805 0.000 -0.104 0.988 -0.116 0.000 -0.799 -0.152 -0.582 0.000 0.001 -0.001 0.002 1.000]]
		[0.6727273 [-0.102 -0.018 0.995 0.000 -0.070 0.998 0.011 0.000 -0.992 -0.068 -0.103 0.000 0.001 -0.001 0.001 1.000]]
		[0.6909091 [0.380 -0.078 0.922 0.000 0.001 0.996 0.084 0.000 -0.925 -0.031 0.379 0.000 0.001 -0.001 0.001 1.000]]
		[0.7090909 [0.737 -0.115 0.666 0.000 0.062 0.993 0.102 0.000 -0.673 -0.034 0.739 0.000 0.001 -0.001 0.000 1.000]]
		[0.7272727 [0.932 -0.115 0.344 0.000 0.088 0.992 0.091 0.000 -0.352 -0.055 0.935 0.000 0.000 -0.001 0.000 1.000]]
		[0.7454545 [0.995 -0.085 0.056 0.000 0.080 0.994 0.080 0.000 -0.062 -0.075 0.995 0.000 0.000 -0.001 0.000 1.000]]
		[0.7636364 [0.989 -0.036 -0.145 0.000 0.048 0.996 0.081 0.000 0.141 -0.087 0.986 0.000 0.000 -0.001 0.000 1.000]]
		[0.7818182 [0.967 0.025 -0.255 0.000 -0.001 0.996 0.094 0.000 0.256 -0.090 0.962 0.000 0.000 -0.001 0.000 1.000]]
		[0.8 [0.951 0.095 -0.293 0.000 -0.064 0.992 0.113 0.000 0.301 -0.088 0.950 0.000 0.000 -0.001 0.000 1.000]]
		[0.8181818 [0.946 0.171 -0.276 0.000 -0.140 0.982 0.128 0.000 0.293 -0.082 0.953 0.000 0.000 -0.001 0.000 1.000]]
		[0.8363636 [0.942 0.251 -0.223 0.000 -0.226 0.965 0.131 0.000 0.249 -0.073 0.966 0.000 0.000 -0.001 0.000 1.000]]
		[0.8545455 [0.931 0.332 -0.151 0.000 -0.317 0.941 0.118 0.000 0.182 -0.062 0.981 0.000 0.000 -0.001 0.000 1.000]]
		[0.8727273 [0.908 0.412 -0.078 0.000 -0.405 0.910 0.089 0.000 0.108 -0.050 0.993 0.000 0.000 -0.001 0.000 1.000]]
		[0.8909091 [0.873 0.488 -0.019 0.000 -0.487 0.872 0.055 0.000 0.044 -0.039 0.998 0.000 0.000 -0.001 0.000 1.000]]
		[0.9090909 [0.830 0.557 0.009 0.000 -0.557 0.830 0.030 0.000 0.009 -0.030 1.000 0.000 0.000 -0.001 0.000 1.000]]
		[0.9272727 [0.812 0.584 0.014 0.000 -0.584 0.811 0.023 0.000 0.002 -0.027 1.000 0.000 0.000 -0.001 0.000 1.000]]
		[0.9454545 [0.812 0.584 0.014 0.000 -0.584 0.811 0.023 0.000 0.002 -0.027 1.000 0.000 0.000 -0.001 0.000 1.000]]
		[0.9636363 [0.812 0.584 0.014 0.000 -0.584 0.811 0.023 0.000 0.002 -0.027 1.000 0.000 0.000 -0.001 0.000 1.000]]
		[0.9818182 [0.812 0.584 0.014 0.000 -0.584 0.811 0.023 0.000 0.002 -0.027 1.000 0.000 0.000 -0.001 0.000 1.000]]
	]
	"Koleno_P" [
		[0 [0.694 0.720 -0.011 0.000 -0.720 0.694 -0.011 0.000 -0.001 0.016 1.000 0.000 0.003 -0.002 0.000 1.000]]
		[0.01818182 [0.736 0.677 -0.014 0.000 -0.677 0.735 -0.016 0.000 -0.001 0.022 1.000 0.000 0.003 -0.002 0.000 1.000]]
		[0.03636364 [0.778 0.629 -0.017 0.000 -0.629 0.777 -0.022 0.000 0.000 0.028 1.000 0.000 0.002 -0.002 0.000 1.000]]
		[0.05454545 [0.817 0.576 -0.020 0.000 -0.576 0.817 -0.028 0.000 0.000 0.035 0.999 0.000 0.002 -0.002 0.000 1.000]]
		[0.07272727 [0.854 0.520 -0.022 0.000 -0.521 0.853 -0.035 0.000 0.001 0.041 0.999 0.000 0.001 -0.001 0.000 1.000]]
		[0.09090909 [0.886 0.464 -0.023 0.000 -0.464 0.885 -0.042 0.000 0.001 0.048 0.999 0.000 0.001 -0.001 0.000 1.000]]
		[0.1090909 [0.912 0.409 -0.023 0.000 -0.410 0.911 -0.048 0.000 0.002 0.054 0.999 0.000 0.001 -0.001 0.000 1.000]]
		[0.1272727 [0.933 0.359 -0.023 0.000 -0.360 0.931 -0.054 0.000 0.002 0.059 0.998 0.000 0.000 -0.001 0.000 1.000]]
		[0.1454545 [0.949 0.315 -0.022 0.000 -0.316 0.947 -0.060 0.000 0.002 0.064 0.998 0.000 0.000 -0.001 0.000 1.000]]
		[0.1636364 [0.960 0.281 -0.021 0.000 -0.282 0.957 -0.064 0.000 0.003 0.067 0.998 0.000 0.000 -0.001 0.000 1.000]]
		[0.1818182 [0.966 0.257 -0.021 0.000 -0.258 0.964 -0.067 0.000 0.003 0.070 0.998 0.000 -0.001 -0.001 0.000 1.000]]
		[0.2 [0.970 0.244 -0.020 0.000 -0.244 0.967 -0.068 0.000 0.003 0.071 0.997 0.000 -0.001 -0.001 0.000 1.000]]
		[0.2181818 [0.971 0.239 -0.020 0.000 -0.240 0.968 -0.069 0.000 0.003 0.072 0.997 0.000 -0.001 -0.002 0.000 1.000]]
		[0.2363636 [0.971 0.240 -0.020 0.000 -0.241 0.968 -0.069 0.000 0.003 0.071 0.997 0.000 -0.001 -0.002 0.000 1.000]]
		[0.2545455 [0.969 0.246 -0.020 0.000 -0.247 0.967 -0.068 0.000 0.003 0.071 0.997 0.000 -0.001 -0.002 0.000 1.000]]
		[0.2727273 [0.967 0.255 -0.021 0.000 -0.256 0.964 -0.067 0.000 0.003 0.070 0.998 0.000 -0.001 -0.002 0.000 1.000]]
		[0.2909091 [0.964 0.264 -0.021 0.000 -0.265 0.962 -0.066 0.000 0.003 0.069 0.998 0.000 -0.001 -0.003 0.000 1.000]]
		[0.3090909 [0.962 0.271 -0.021 0.000 -0.272 0.960 -0.065 0.000 0.003 0.068 0.998 0.000 -0.001 -0.003 0.000 1.000]]
		[0.3272727 [0.961 0.274 -0.021 0.000 -0.275 0.959 -0.064 0.000 0.003 0.068 0.998 0.000 -0.001 -0.003 0.000 1.000]]
		[0.3454545 [0.958 0.287 -0.021 0.000 -0.288 0.956 -0.064 0.000 0.002 0.068 0.998 0.000 -0.001 -0.003 0.000 1.000]]
		[0.3636364 [0.944 0.329 -0.011 0.000 -0.329 0.942 -0.069 0.000 -0.012 0.068 0.998 0.000 -0.001 -0.003 0.000 1.000]]
		[0.3818182 [0.922 0.387 0.021 0.000 -0.384 0.920 -0.083 0.000 -0.051 0.068 0.996 0.000 -0.001 -0.003 0.000 1.000]]
		[0.4 [0.898 0.434 0.078 0.000 -0.425 0.899 -0.110 0.000 -0.118 0.066 0.991 0.000 -0.002 -0.002 0.000 1.000]]
		[0.4181818 [0.880 0.451 0.148 0.000 -0.432 0.890 -0.144 0.000 -0.197 0.063 0.978 0.000 -0.002 -0.002 -0.001 1.000]]
		[0.4363636 [0.878 0.431 0.210 0.000 -0.402 0.900 -0.169 0.000 -0.261 0.064 0.963 0.000 -0.002 -0.002 -0.001 1.000]]
		[0.4545455 [0.894 0.381 0.234 0.000 -0.348 0.922 -0.171 0.000 -0.281 0.071 0.957 0.000 -0.001 -0.001 -0.001 1.000]]
		[0.4727273 [0.926 0.323 0.196 0.000 -0.298 0.943 -0.147 0.000 -0.232 0.078 0.969 0.000 -0.001 -0.001 0.000 1.000]]
		[0.4909091 [0.956 0.283 0.074 0.000 -0.275 0.956 -0.099 0.000 -0.099 0.074 0.992 0.000 -0.001 -0.001 0.000 1.000]]
		[0.5090909 [0.950 0.279 -0.140 0.000 -0.285 0.958 -0.021 0.000 0.128 0.059 0.990 0.000 0.000 -0.001 0.000 1.000]]
		[0.5272727 [0.850 0.315 -0.422 0.000 -0.304 0.948 0.095 0.000 0.430 0.047 0.902 0.000 0.000 -0.001 0.000 1.000]]
		[0.5454546 [0.606 0.378 -0.700 0.000 -0.296 0.924 0.242 0.000 0.738 0.061 0.672 0.000 0.000 -0.001 0.000 1.000]]
		[0.5636364 [0.210 0.440 -0.873 0.000 -0.225 0.891 0.395 0.000 0.951 0.114 0.286 0.000 0.000 -0.001 0.000 1.000]]
		[0.5818182 [-0.269 0.466 -0.843 0.000 -0.074 0.863 0.500 0.000 0.960 0.197 -0.197 0.000 0.000 -0.001 0.000 1.000]]
		[0.6 [-0.696 0.439 -0.568 0.000 0.126 0.854 0.505 0.000 0.707 0.280 -0.649 0.000 0.000 -0.001 0.000 1.000]]
		[0.6181818 [-0.922 0.373 -0.102 0.000 0.308 0.869 0.387 0.000 0.233 0.326 -0.916 0.000 0.000 -0.001 0.000 1.000]]
		[0.6363636 [-0.860 0.299 0.414 0.000 0.399 0.900 0.179 0.000 -0.319 0.319 -0.893 0.000 0.000 -0.001 -0.001 1.000]]
		[0.6545454 [-0.531 0.248 0.810 0.000 0.364 0.930 -0.046 0.000 -0.765 0.270 -0.584 0.000 0.000 -0.001 -0.001 1.000]]
		[0.6727273 [-0.058 0.229 0.972 0.000 0.228 0.951 -0.210 0.000 -0.972 0.210 -0.108 0.000 -0.001 -0.001 -0.001 1.000]]
		[0.6909091 [0.403 0.231 0.886 0.000 0.053 0.960 -0.275 0.000 -0.914 0.158 0.374 0.000 -0.001 -0.001 -0.001 1.000]]
		[0.7090909 [0.739 0.241 0.629 0.000 -0.102 0.963 -0.250 0.000 -0.666 0.121 0.736 0.000 -0.001 -0.001 -0.001 1.000]]
		[0.7272727 [0.915 0.253 0.314 0.000 -0.207 0.963 -0.174 0.000 -0.347 0.094 0.933 0.000 -0.001 -0.001 -0.001 1.000]]
		[0.7454545 [0.962 0.270 0.036 0.000 -0.266 0.960 -0.085 0.000 -0.057 0.073 0.996 0.000 -0.001 -0.001 0.000 1.000]]
		[0.7636364 [0.942 0.299 -0.156 0.000 -0.304 0.953 -0.009 0.000 0.146 0.055 0.988 0.000 0.000 -0.001 0.000 1.000]]
		[0.7818182 [0.905 0.339 -0.259 0.000 -0.338 0.940 0.049 0.000 0.260 0.043 0.965 0.000 0.000 -0.001 -0.001 1.000]]
		[0.8 [0.874 0.387 -0.293 0.000 -0.378 0.921 0.087 0.000 0.304 0.034 0.952 0.000 0.001 -0.001 -0.001 1.000]]
		[0.8181818 [0.854 0.440 -0.278 0.000 -0.428 0.898 0.105 0.000 0.295 0.029 0.955 0.000 0.001 -0.001 -0.001 1.000]]
		[0.8363636 [0.838 0.495 -0.230 0.000 -0.486 0.868 0.102 0.000 0.250 0.026 0.968 0.000 0.001 -0.001 -0.001 1.000]]
		[0.8545455 [0.818 0.551 -0.165 0.000 -0.546 0.834 0.080 0.000 0.182 0.025 0.983 0.000 0.002 -0.002 -0.001 1.000]]
		[0.8727273 [0.789 0.606 -0.099 0.000 -0.605 0.795 0.046 0.000 0.107 0.023 0.994 0.000 0.002 -0.002 0.000 1.000]]
		[0.8909091 [0.752 0.657 -0.046 0.000 -0.657 0.753 0.012 0.000 0.042 0.021 0.999 0.000 0.002 -0.002 0.000 1.000]]
		[0.9090909 [0.711 0.703 -0.017 0.000 -0.703 0.711 -0.008 0.000 0.006 0.018 1.000 0.000 0.003 -0.002 0.000 1.000]]
		[0.9272727 [0.694 0.720 -0.011 0.000 -0.720 0.694 -0.011 0.000 -0.001 0.016 1.000 0.000 0.003 -0.002 0.000 1.000]]
		[0.9454545 [0.694 0.720 -0.011 0.000 -0.720 0.694 -0.011 0.000 -0.001 0.016 1.000 0.000 0.003 -0.002 0.000 1.000]]
		[0.9636363 [0.694 0.720 -0.011 0.000 -0.720 0.694 -0.011 0.000 -0.001 0.016 1.000 0.000 0.003 -0.002 0.000 1.000]]
		[0.9818182 [0.694 0.720 -0.011 0.000 -0.720 0.694 -0.011 0.000 -0.001 0.016 1.000 0.000 0.003 -0.002 0.000 1.000]]
	]
	"Koleno_P_end" [
		[0 [0.694 0.720 -0.011 0.000 -0.720 0.694 -0.011 0.000 -0.001 0.016 1.000 0.000 -0.001 -0.004 0.000 1.000]]
		[0.01818182 [0.736 0.677 -0.014 0.000 -0.677 0.735 -0.016 0.000 -0.001 0.022 1.000 0.000 -0.001 -0.004 0.000 1.000]]
		[0.03636364 [0.778 0.629 -0.017 0.000 -0.629 0.777 -0.022 0.000 0.000 0.028 1.000 0.000 -0.001 -0.003 0.000 1.000]]
		[0.05454545 [0.817 0.576 -0.020 0.000 -0.576 0.817 -0.028 0.000 0.000 0.035 0.999 0.000 -0.002 -0.003 0.000 1.000]]
		[0.07272727 [0.854 0.520 -0.022 0.000 -0.521 0.853 -0.035 0.000 0.001 0.041 0.999 0.000 -0.002 -0.002 0.000 1.000]]
		[0.09090909 [0.886 0.464 -0.023 0.000 -0.464 0.885 -0.042 0.000 0.001 0.048 0.999 0.000 -0.002 -0.002 -0.001 1.000]]
		[0.1090909 [0.912 0.409 -0.023 0.000 -0.410 0.911 -0.048 0.000 0.002 0.054 0.999 0.000 -0.002 -0.001 -0.001 1.000]]
		[0.1272727 [0.933 0.359 -0.023 0.000 -0.360 0.931 -0.054 0.000 0.002 0.059 0.998 0.000 -0.002 -0.001 -0.001 1.000]]
		[0.1454545 [0.949 0.315 -0.022 0.000 -0.316 0.947 -0.060 0.000 0.002 0.064 0.998 0.000 -0.002 -0.001 -0.001 1.000]]
		[0.1636364 [0.960 0.281 -0.021 0.000 -0.282 0.957 -0.064 0.000 0.003 0.067 0.998 0.000 -0.002 -0.001 -0.001 1.000]]
		[0.1818182 [0.966 0.257 -0.021 0.000 -0.258 0.964 -0.067 0.000 0.003 0.070 0.998 0.000 -0.002 -0.001 -0.001 1.000]]
		[0.2 [0.970 0.244 -0.020 0.000 -0.244 0.967 -0.068 0.000 0.003 0.071 0.997 0.000 -0.002 -0.001 -0.001 1.000]]
		[0.2181818 [0.971 0.239 -0.020 0.000 -0.240 0.968 -0.069 0.000 0.003 0.072 0.997 0.000 -0.002 -0.002 -0.001 1.000]]
