{ :name "Walk" :length 1.5 :bones { 
	"Armature" [
		[0 [1.000 0.000 0.000 0.000 0.000 1.000 0.000 0.000 0.000 0.000 1.000 0.000 0.000 0.000 0.000 1.000]]
	]
	"Skelet" [
		[0 [1.000 0.000 0.000 0.000 0.000 1.000 0.000 0.000 0.000 0.000 1.000 0.000 0.000 0.000 0.000 1.000]]
		[0.01666667 [1.000 0.000 0.000 0.000 0.000 1.000 0.000 0.000 0.000 0.000 1.000 0.000 0.000 0.000 0.000 1.000]]
		[0.03333334 [1.000 0.000 0.000 0.000 0.000 1.000 0.000 0.000 0.000 0.000 1.000 0.000 0.000 0.000 0.000 1.000]]
		[0.05 [1.000 0.000 0.000 0.000 0.000 1.000 0.000 0.000 0.000 0.000 1.000 0.000 0.000 0.000 0.000 1.000]]
		[0.06666667 [1.000 0.000 0.000 0.000 0.000 1.000 0.000 0.000 0.000 0.000 1.000 0.000 0.000 0.000 0.000 1.000]]
		[0.08333334 [1.000 0.000 0.000 0.000 0.000 1.000 0.000 0.000 0.000 0.000 1.000 0.000 0.000 0.001 0.000 1.000]]
		[0.1 [1.000 0.000 0.000 0.000 0.000 1.000 0.000 0.000 0.000 0.000 1.000 0.000 0.000 0.001 0.000 1.000]]
		[0.1166667 [1.000 0.000 0.000 0.000 0.000 1.000 0.000 0.000 0.000 0.000 1.000 0.000 0.000 0.001 0.000 1.000]]
		[0.1333333 [1.000 0.000 0.000 0.000 0.000 1.000 0.000 0.000 0.000 0.000 1.000 0.000 0.000 0.001 0.000 1.000]]
		[0.15 [1.000 0.000 0.000 0.000 0.000 1.000 0.000 0.000 0.000 0.000 1.000 0.000 0.000 0.001 0.000 1.000]]
		[0.1666667 [1.000 0.000 0.000 0.000 0.000 1.000 0.000 0.000 0.000 0.000 1.000 0.000 0.000 0.001 0.000 1.000]]
		[0.1833333 [1.000 0.000 0.000 0.000 0.000 1.000 0.000 0.000 0.000 0.000 1.000 0.000 0.000 0.001 0.000 1.000]]
		[0.2 [1.000 0.000 0.000 0.000 0.000 1.000 0.000 0.000 0.000 0.000 1.000 0.000 0.000 0.001 0.000 1.000]]
		[0.2166667 [1.000 0.000 0.000 0.000 0.000 1.000 0.000 0.000 0.000 0.000 1.000 0.000 0.000 0.001 0.000 1.000]]
		[0.2333333 [1.000 0.000 0.000 0.000 0.000 1.000 0.000 0.000 0.000 0.000 1.000 0.000 0.000 0.001 0.000 1.000]]
		[0.25 [1.000 0.000 0.000 0.000 0.000 1.000 0.000 0.000 0.000 0.000 1.000 0.000 0.000 0.002 0.000 1.000]]
		[0.2666667 [1.000 0.000 0.000 0.000 0.000 1.000 0.000 0.000 0.000 0.000 1.000 0.000 0.000 0.002 0.000 1.000]]
		[0.2833333 [1.000 0.000 0.000 0.000 0.000 1.000 0.000 0.000 0.000 0.000 1.000 0.000 0.000 0.002 0.000 1.000]]
		[0.3 [1.000 0.000 0.000 0.000 0.000 1.000 0.000 0.000 0.000 0.000 1.000 0.000 0.000 0.002 0.000 1.000]]
		[0.3166667 [1.000 0.000 0.000 0.000 0.000 1.000 0.000 0.000 0.000 0.000 1.000 0.000 0.000 0.002 0.000 1.000]]
		[0.3333333 [1.000 0.000 0.000 0.000 0.000 1.000 0.000 0.000 0.000 0.000 1.000 0.000 0.000 0.002 0.000 1.000]]
		[0.35 [1.000 0.000 0.000 0.000 0.000 1.000 0.000 0.000 0.000 0.000 1.000 0.000 0.000 0.002 0.000 1.000]]
		[0.3666667 [1.000 0.000 0.000 0.000 0.000 1.000 0.000 0.000 0.000 0.000 1.000 0.000 0.000 0.002 0.000 1.000]]
		[0.3833333 [1.000 0.000 0.000 0.000 0.000 1.000 0.000 0.000 0.000 0.000 1.000 0.000 0.000 0.002 0.000 1.000]]
		[0.4 [1.000 0.000 0.000 0.000 0.000 1.000 0.000 0.000 0.000 0.000 1.000 0.000 0.000 0.002 0.000 1.000]]
		[0.4166667 [1.000 0.000 0.000 0.000 0.000 1.000 0.000 0.000 0.000 0.000 1.000 0.000 0.000 0.002 0.000 1.000]]
		[0.4333333 [1.000 0.000 0.000 0.000 0.000 1.000 0.000 0.000 0.000 0.000 1.000 0.000 0.000 0.002 0.000 1.000]]
		[0.45 [1.000 0.000 0.000 0.000 0.000 1.000 0.000 0.000 0.000 0.000 1.000 0.000 0.000 0.002 0.000 1.000]]
		[0.4666667 [1.000 0.000 0.000 0.000 0.000 1.000 0.000 0.000 0.000 0.000 1.000 0.000 0.000 0.002 0.000 1.000]]
		[0.4833333 [1.000 0.000 0.000 0.000 0.000 1.000 0.000 0.000 0.000 0.000 1.000 0.000 0.000 0.002 0.000 1.000]]
		[0.5 [1.000 0.000 0.000 0.000 0.000 1.000 0.000 0.000 0.000 0.000 1.000 0.000 0.000 0.002 0.000 1.000]]
		[0.5166667 [1.000 0.000 0.000 0.000 0.000 1.000 0.000 0.000 0.000 0.000 1.000 0.000 0.000 0.002 0.000 1.000]]
		[0.5333334 [1.000 0.000 0.000 0.000 0.000 1.000 0.000 0.000 0.000 0.000 1.000 0.000 0.000 0.002 0.000 1.000]]
		[0.55 [1.000 0.000 0.000 0.000 0.000 1.000 0.000 0.000 0.000 0.000 1.000 0.000 0.000 0.002 0.000 1.000]]
		[0.5666667 [1.000 0.000 0.000 0.000 0.000 1.000 0.000 0.000 0.000 0.000 1.000 0.000 0.000 0.002 0.000 1.000]]
		[0.5833333 [1.000 0.000 0.000 0.000 0.000 1.000 0.000 0.000 0.000 0.000 1.000 0.000 0.000 0.002 0.000 1.000]]
		[0.6 [1.000 0.000 0.000 0.000 0.000 1.000 0.000 0.000 0.000 0.000 1.000 0.000 0.000 0.002 0.000 1.000]]
		[0.6166667 [1.000 0.000 0.000 0.000 0.000 1.000 0.000 0.000 0.000 0.000 1.000 0.000 0.000 0.002 0.000 1.000]]
		[0.6333333 [1.000 0.000 0.000 0.000 0.000 1.000 0.000 0.000 0.000 0.000 1.000 0.000 0.000 0.002 0.000 1.000]]
		[0.65 [1.000 0.000 0.000 0.000 0.000 1.000 0.000 0.000 0.000 0.000 1.000 0.000 0.000 0.002 0.000 1.000]]
		[0.6666667 [1.000 0.000 0.000 0.000 0.000 1.000 0.000 0.000 0.000 0.000 1.000 0.000 0.000 0.002 0.000 1.000]]
		[0.6833333 [1.000 0.000 0.000 0.000 0.000 1.000 0.000 0.000 0.000 0.000 1.000 0.000 0.000 0.002 0.000 1.000]]
		[0.7 [1.000 0.000 0.000 0.000 0.000 1.000 0.000 0.000 0.000 0.000 1.000 0.000 0.000 0.002 0.000 1.000]]
		[0.7166666 [1.000 0.000 0.000 0.000 0.000 1.000 0.000 0.000 0.000 0.000 1.000 0.000 0.000 0.002 0.000 1.000]]
		[0.7333333 [1.000 0.000 0.000 0.000 0.000 1.000 0.000 0.000 0.000 0.000 1.000 0.000 0.000 0.002 0.000 1.000]]
		[0.75 [1.000 0.000 0.000 0.000 0.000 1.000 0.000 0.000 0.000 0.000 1.000 0.000 0.000 0.002 0.000 1.000]]
		[0.7666667 [1.000 0.000 0.000 0.000 0.000 1.000 0.000 0.000 0.000 0.000 1.000 0.000 0.000 0.002 0.000 1.000]]
		[0.7833334 [1.000 0.000 0.000 0.000 0.000 1.000 0.000 0.000 0.000 0.000 1.000 0.000 0.000 0.002 0.000 1.000]]
		[0.8 [1.000 0.000 0.000 0.000 0.000 1.000 0.000 0.000 0.000 0.000 1.000 0.000 0.000 0.002 0.000 1.000]]
		[0.8166667 [1.000 0.000 0.000 0.000 0.000 1.000 0.000 0.000 0.000 0.000 1.000 0.000 0.000 0.002 0.000 1.000]]
		[0.8333333 [1.000 0.000 0.000 0.000 0.000 1.000 0.000 0.000 0.000 0.000 1.000 0.000 0.000 0.002 0.000 1.000]]
		[0.85 [1.000 0.000 0.000 0.000 0.000 1.000 0.000 0.000 0.000 0.000 1.000 0.000 0.000 0.002 0.000 1.000]]
		[0.8666667 [1.000 0.000 0.000 0.000 0.000 1.000 0.000 0.000 0.000 0.000 1.000 0.000 0.000 0.001 0.000 1.000]]
		[0.8833333 [1.000 0.000 0.000 0.000 0.000 1.000 0.000 0.000 0.000 0.000 1.000 0.000 0.000 0.001 0.000 1.000]]
		[0.9 [1.000 0.000 0.000 0.000 0.000 1.000 0.000 0.000 0.000 0.000 1.000 0.000 0.000 0.001 0.000 1.000]]
		[0.9166667 [1.000 0.000 0.000 0.000 0.000 1.000 0.000 0.000 0.000 0.000 1.000 0.000 0.000 0.001 0.000 1.000]]
		[0.9333333 [1.000 0.000 0.000 0.000 0.000 1.000 0.000 0.000 0.000 0.000 1.000 0.000 0.000 0.001 0.000 1.000]]
		[0.95 [1.000 0.000 0.000 0.000 0.000 1.000 0.000 0.000 0.000 0.000 1.000 0.000 0.000 0.001 0.000 1.000]]
		[0.9666666 [1.000 0.000 0.000 0.000 0.000 1.000 0.000 0.000 0.000 0.000 1.000 0.000 0.000 0.001 0.000 1.000]]
		[0.9833333 [1.000 0.000 0.000 0.000 0.000 1.000 0.000 0.000 0.000 0.000 1.000 0.000 0.000 0.001 0.000 1.000]]
	]
	"Bedro_L" [
		[0 [0.912 -0.411 0.009 0.000 0.411 0.911 -0.025 0.000 0.002 0.027 1.000 0.000 0.000 0.000 0.000 1.000]]
		[0.01666667 [0.913 -0.407 0.009 0.000 0.407 0.913 -0.025 0.000 0.002 0.027 1.000 0.000 0.000 0.000 0.000 1.000]]
		[0.03333334 [0.915 -0.403 0.009 0.000 0.403 0.915 -0.025 0.000 0.002 0.027 1.000 0.000 0.000 0.000 0.000 1.000]]
		[0.05 [0.917 -0.398 0.009 0.000 0.398 0.917 -0.025 0.000 0.002 0.027 1.000 0.000 0.000 0.000 0.000 1.000]]
		[0.06666667 [0.919 -0.393 0.009 0.000 0.393 0.919 -0.025 0.000 0.002 0.027 1.000 0.000 0.000 0.000 0.000 1.000]]
		[0.08333334 [0.921 -0.388 0.009 0.000 0.389 0.921 -0.025 0.000 0.002 0.027 1.000 0.000 0.000 -0.001 0.000 1.000]]
		[0.1 [0.923 -0.384 0.008 0.000 0.384 0.923 -0.025 0.000 0.002 0.027 1.000 0.000 0.000 -0.001 0.000 1.000]]
		[0.1166667 [0.926 -0.378 0.008 0.000 0.379 0.925 -0.025 0.000 0.002 0.027 1.000 0.000 0.000 -0.001 0.000 1.000]]
		[0.1333333 [0.928 -0.373 0.008 0.000 0.374 0.927 -0.026 0.000 0.002 0.027 1.000 0.000 0.000 -0.001 0.000 1.000]]
		[0.15 [0.930 -0.368 0.008 0.000 0.369 0.929 -0.026 0.000 0.002 0.027 1.000 0.000 0.000 -0.001 0.000 1.000]]
		[0.1666667 [0.932 -0.364 0.008 0.000 0.364 0.931 -0.026 0.000 0.002 0.027 1.000 0.000 0.000 -0.001 0.000 1.000]]
		[0.1833333 [0.933 -0.359 0.008 0.000 0.359 0.933 -0.026 0.000 0.002 0.027 1.000 0.000 0.000 -0.001 0.000 1.000]]
		[0.2 [0.935 -0.354 0.008 0.000 0.354 0.935 -0.026 0.000 0.002 0.027 1.000 0.000 0.000 -0.001 0.000 1.000]]
		[0.2166667 [0.937 -0.350 0.007 0.000 0.350 0.936 -0.026 0.000 0.002 0.027 1.000 0.000 0.000 -0.001 0.000 1.000]]
		[0.2333333 [0.938 -0.346 0.007 0.000 0.346 0.938 -0.026 0.000 0.002 0.027 1.000 0.000 0.000 -0.001 0.000 1.000]]
		[0.25 [0.940 -0.342 0.007 0.000 0.342 0.939 -0.026 0.000 0.002 0.027 1.000 0.000 0.000 -0.002 0.000 1.000]]
		[0.2666667 [0.941 -0.339 0.007 0.000 0.339 0.941 -0.026 0.000 0.002 0.027 1.000 0.000 0.000 -0.002 0.000 1.000]]
		[0.2833333 [0.942 -0.336 0.007 0.000 0.336 0.942 -0.026 0.000 0.002 0.027 1.000 0.000 0.000 -0.002 0.000 1.000]]
		[0.3 [0.943 -0.333 0.007 0.000 0.333 0.942 -0.026 0.000 0.002 0.027 1.000 0.000 0.000 -0.002 0.000 1.000]]
		[0.3166667 [0.943 -0.332 0.007 0.000 0.332 0.943 -0.026 0.000 0.002 0.027 1.000 0.000 0.000 -0.002 0.000 1.000]]
		[0.3333333 [0.944 -0.330 0.007 0.000 0.330 0.943 -0.026 0.000 0.002 0.027 1.000 0.000 0.000 -0.002 0.000 1.000]]
		[0.35 [0.944 -0.330 0.007 0.000 0.330 0.944 -0.026 0.000 0.002 0.027 1.000 0.000 0.000 -0.002 0.000 1.000]]
		[0.3666667 [0.944 -0.330 0.007 0.000 0.330 0.944 -0.026 0.000 0.002 0.027 1.000 0.000 0.000 -0.002 0.000 1.000]]
		[0.3833333 [0.944 -0.330 0.007 0.000 0.330 0.943 -0.026 0.000 0.002 0.027 1.000 0.000 0.000 -0.002 0.000 1.000]]
		[0.4 [0.943 -0.332 0.007 0.000 0.332 0.943 -0.026 0.000 0.002 0.027 1.000 0.000 0.000 -0.002 0.000 1.000]]
		[0.4166667 [0.943 -0.333 0.007 0.000 0.333 0.942 -0.026 0.000 0.002 0.027 1.000 0.000 0.000 -0.002 0.000 1.000]]
		[0.4333333 [0.942 -0.335 0.007 0.000 0.335 0.942 -0.026 0.000 0.002 0.027 1.000 0.000 0.000 -0.002 0.000 1.000]]
		[0.45 [0.941 -0.338 0.007 0.000 0.338 0.941 -0.026 0.000 0.002 0.027 1.000 0.000 0.000 -0.002 0.000 1.000]]
		[0.4666667 [0.940 -0.341 0.007 0.000 0.341 0.940 -0.026 0.000 0.002 0.027 1.000 0.000 0.000 -0.002 0.000 1.000]]
		[0.4833333 [0.939 -0.344 0.007 0.000 0.344 0.939 -0.026 0.000 0.002 0.027 1.000 0.000 0.000 -0.002 0.000 1.000]]
		[0.5 [0.938 -0.347 0.007 0.000 0.347 0.937 -0.026 0.000 0.002 0.027 1.000 0.000 0.000 -0.002 0.000 1.000]]
		[0.5166667 [0.936 -0.351 0.008 0.000 0.351 0.936 -0.026 0.000 0.002 0.027 1.000 0.000 0.000 -0.002 0.000 1.000]]
		[0.5333334 [0.935 -0.355 0.008 0.000 0.355 0.934 -0.026 0.000 0.002 0.027 1.000 0.000 0.000 -0.002 0.000 1.000]]
		[0.55 [0.933 -0.359 0.008 0.000 0.359 0.933 -0.026 0.000 0.002 0.027 1.000 0.000 0.000 -0.002 0.000 1.000]]
		[0.5666667 [0.931 -0.364 0.008 0.000 0.364 0.931 -0.026 0.000 0.002 0.027 1.000 0.000 0.000 -0.002 0.000 1.000]]
		[0.5833333 [0.930 -0.368 0.008 0.000 0.368 0.929 -0.026 0.000 0.002 0.027 1.000 0.000 0.000 -0.002 0.000 1.000]]
		[0.6 [0.928 -0.373 0.008 0.000 0.373 0.928 -0.026 0.000 0.002 0.027 1.000 0.000 0.000 -0.002 0.000 1.000]]
		[0.6166667 [0.926 -0.377 0.008 0.000 0.377 0.926 -0.025 0.000 0.002 0.027 1.000 0.000 0.000 -0.002 0.000 1.000]]
		[0.6333333 [0.924 -0.382 0.008 0.000 0.382 0.924 -0.025 0.000 0.002 0.027 1.000 0.000 0.000 -0.002 0.000 1.000]]
		[0.65 [0.922 -0.386 0.008 0.000 0.386 0.922 -0.025 0.000 0.002 0.027 1.000 0.000 0.000 -0.002 0.000 1.000]]
		[0.6666667 [0.920 -0.391 0.009 0.000 0.391 0.920 -0.025 0.000 0.002 0.027 1.000 0.000 0.000 -0.002 0.000 1.000]]
		[0.6833333 [0.919 -0.395 0.009 0.000 0.395 0.918 -0.025 0.000 0.002 0.027 1.000 0.000 0.000 -0.002 0.000 1.000]]
		[0.7 [0.917 -0.399 0.009 0.000 0.399 0.916 -0.025 0.000 0.002 0.027 1.000 0.000 0.000 -0.002 0.000 1.000]]
		[0.7166666 [0.915 -0.403 0.009 0.000 0.403 0.915 -0.025 0.000 0.002 0.027 1.000 0.000 0.000 -0.002 0.000 1.000]]
		[0.7333333 [0.913 -0.407 0.009 0.000 0.407 0.913 -0.025 0.000 0.002 0.027 1.000 0.000 0.000 -0.002 0.000 1.000]]
		[0.75 [0.912 -0.411 0.009 0.000 0.411 0.911 -0.025 0.000 0.002 0.027 1.000 0.000 0.000 -0.002 0.000 1.000]]
		[0.7666667 [0.910 -0.414 0.009 0.000 0.414 0.910 -0.025 0.000 0.002 0.027 1.000 0.000 0.000 -0.002 0.000 1.000]]
		[0.7833334 [0.908 -0.418 0.009 0.000 0.418 0.908 -0.025 0.000 0.002 0.027 1.000 0.000 0.000 -0.002 0.000 1.000]]
		[0.8 [0.906 -0.422 0.009 0.000 0.422 0.906 -0.025 0.000 0.002 0.027 1.000 0.000 0.000 -0.002 0.000 1.000]]
		[0.8166667 [0.904 -0.427 0.010 0.000 0.427 0.904 -0.025 0.000 0.002 0.027 1.000 0.000 0.000 -0.002 0.000 1.000]]
		[0.8333333 [0.902 -0.431 0.010 0.000 0.431 0.902 -0.025 0.000 0.002 0.027 1.000 0.000 0.000 -0.002 0.000 1.000]]
		[0.85 [0.900 -0.436 0.010 0.000 0.436 0.900 -0.025 0.000 0.002 0.027 1.000 0.000 0.000 -0.002 0.000 1.000]]
		[0.8666667 [0.898 -0.440 0.010 0.000 0.440 0.897 -0.025 0.000 0.002 0.027 1.000 0.000 0.000 -0.001 0.000 1.000]]
		[0.8833333 [0.896 -0.445 0.010 0.000 0.445 0.895 -0.025 0.000 0.002 0.027 1.000 0.000 0.000 -0.001 0.000 1.000]]
		[0.9 [0.893 -0.449 0.010 0.000 0.450 0.893 -0.025 0.000 0.002 0.027 1.000 0.000 0.000 -0.001 0.000 1.000]]
		[0.9166667 [0.891 -0.454 0.010 0.000 0.454 0.891 -0.025 0.000 0.002 0.027 1.000 0.000 0.000 -0.001 0.000 1.000]]
		[0.9333333 [0.889 -0.458 0.010 0.000 0.459 0.888 -0.025 0.000 0.002 0.027 1.000 0.000 0.000 -0.001 0.000 1.000]]
		[0.95 [0.886 -0.463 0.011 0.000 0.463 0.886 -0.025 0.000 0.002 0.027 1.000 0.000 0.000 -0.001 0.000 1.000]]
		[0.9666666 [0.884 -0.467 0.011 0.000 0.467 0.884 -0.025 0.000 0.002 0.027 1.000 0.000 0.000 -0.001 0.000 1.000]]
		[0.9833333 [0.882 -0.471 0.011 0.000 0.471 0.882 -0.024 0.000 0.002 0.027 1.000 0.000 0.000 -0.001 0.000 1.000]]
	]
	"Koleno_L" [
		[0 [0.558 0.830 0.021 0.000 -0.830 0.558 0.016 0.000 0.002 -0.026 1.000 0.000 -0.002 0.000 0.000 1.000]]
		[0.01666667 [0.569 0.822 0.020 0.000 -0.823 0.568 0.017 0.000 0.002 -0.026 1.000 0.000 -0.002 0.000 0.000 1.000]]
		[0.03333334 [0.580 0.814 0.020 0.000 -0.815 0.580 0.017 0.000 0.002 -0.026 1.000 0.000 -0.002 0.000 0.000 1.000]]
		[0.05 [0.592 0.806 0.020 0.000 -0.806 0.592 0.017 0.000 0.002 -0.026 1.000 0.000 -0.002 0.000 0.000 1.000]]
		[0.06666667 [0.604 0.796 0.020 0.000 -0.797 0.604 0.017 0.000 0.002 -0.026 1.000 0.000 -0.002 -0.001 0.000 1.000]]
		[0.08333334 [0.617 0.787 0.020 0.000 -0.787 0.617 0.018 0.000 0.002 -0.026 1.000 0.000 -0.002 -0.001 0.000 1.000]]
		[0.1 [0.630 0.777 0.019 0.000 -0.777 0.629 0.018 0.000 0.002 -0.026 1.000 0.000 -0.002 -0.001 0.000 1.000]]
		[0.1166667 [0.642 0.766 0.019 0.000 -0.767 0.642 0.018 0.000 0.002 -0.026 1.000 0.000 -0.002 -0.001 0.000 1.000]]
		[0.1333333 [0.655 0.756 0.019 0.000 -0.756 0.654 0.019 0.000 0.002 -0.026 1.000 0.000 -0.002 -0.001 0.000 1.000]]
		[0.15 [0.667 0.745 0.019 0.000 -0.745 0.666 0.019 0.000 0.002 -0.026 1.000 0.000 -0.002 -0.001 0.000 1.000]]
		[0.1666667 [0.678 0.734 0.018 0.000 -0.735 0.678 0.019 0.000 0.002 -0.026 1.000 0.000 -0.002 -0.001 0.000 1.000]]
		[0.1833333 [0.690 0.724 0.018 0.000 -0.724 0.689 0.019 0.000 0.001 -0.026 1.000 0.000 -0.002 -0.001 0.000 1.000]]
		[0.2 [0.700 0.714 0.018 0.000 -0.714 0.700 0.020 0.000 0.001 -0.026 1.000 0.000 -0.002 -0.001 0.000 1.000]]
		[0.2166667 [0.710 0.704 0.018 0.000 -0.704 0.710 0.020 0.000 0.001 -0.026 1.000 0.000 -0.002 -0.001 0.000 1.000]]
		[0.2333333 [0.719 0.695 0.017 0.000 -0.695 0.719 0.020 0.000 0.001 -0.026 1.000 0.000 -0.002 -0.002 0.000 1.000]]
		[0.25 [0.727 0.686 0.017 0.000 -0.686 0.727 0.020 0.000 0.001 -0.026 1.000 0.000 -0.002 -0.002 0.000 1.000]]
		[0.2666667 [0.735 0.678 0.017 0.000 -0.678 0.734 0.020 0.000 0.001 -0.026 1.000 0.000 -0.002 -0.002 0.000 1.000]]
		[0.2833333 [0.741 0.671 0.017 0.000 -0.672 0.741 0.020 0.000 0.001 -0.026 1.000 0.000 -0.002 -0.002 0.000 1.000]]
		[0.3 [0.746 0.666 0.017 0.000 -0.666 0.746 0.021 0.000 0.001 -0.026 1.000 0.000 -0.002 -0.002 0.000 1.000]]
		[0.3166667 [0.750 0.661 0.017 0.000 -0.662 0.750 0.021 0.000 0.001 -0.026 1.000 0.000 -0.002 -0.002 0.000 1.000]]
		[0.3333333 [0.752 0.658 0.017 0.000 -0.659 0.752 0.021 0.000 0.001 -0.026 1.000 0.000 -0.002 -0.002 0.000 1.000]]
		[0.35 [0.754 0.657 0.017 0.000 -0.657 0.753 0.021 0.000 0.001 -0.026 1.000 0.000 -0.002 -0.002 0.000 1.000]]
		[0.3666667 [0.754 0.657 0.017 0.000 -0.657 0.753 0.021 0.000 0.001 -0.026 1.000 0.000 -0.002 -0.002 0.000 1.000]]
		[0.3833333 [0.753 0.658 0.017 0.000 -0.658 0.752 0.021 0.000 0.001 -0.026 1.000 0.000 -0.002 -0.002 0.000 1.000]]
		[0.4 [0.751 0.660 0.017 0.000 -0.661 0.750 0.021 0.000 0.001 -0.026 1.000 0.000 -0.002 -0.002 0.000 1.000]]
		[0.4166667 [0.748 0.664 0.017 0.000 -0.664 0.748 0.021 0.000 0.001 -0.026 1.000 0.000 -0.002 -0.002 0.000 1.000]]
		[0.4333333 [0.744 0.668 0.017 0.000 -0.668 0.744 0.021 0.000 0.001 -0.026 1.000 0.000 -0.002 -0.002 0.000 1.000]]
		[0.45 [0.740 0.673 0.017 0.000 -0.673 0.739 0.020 0.000 0.001 -0.026 1.000 0.000 -0.002 -0.002 0.000 1.000]]
		[0.4666667 [0.734 0.679 0.017 0.000 -0.679 0.734 0.020 0.000 0.001 -0.026 1.000 0.000 -0.002 -0.002 0.000 1.000]]
		[0.4833333 [0.728 0.685 0.017 0.000 -0.686 0.728 0.020 0.000 0.001 -0.026 1.000 0.000 -0.002 -0.002 0.000 1.000]]
		[0.5 [0.721 0.693 0.017 0.000 -0.693 0.721 0.020 0.000 0.001 -0.026 1.000 0.000 -0.002 -0.002 0.000 1.000]]
		[0.5166667 [0.714 0.700 0.018 0.000 -0.701 0.713 0.020 0.000 0.001 -0.026 1.000 0.000 -0.002 -0.002 0.000 1.000]]
		[0.5333334 [0.705 0.709 0.018 0.000 -0.709 0.705 0.020 0.000 0.001 -0.026 1.000 0.000 -0.002 -0.002 0.000 1.000]]
		[0.55 [0.697 0.717 0.018 0.000 -0.718 0.696 0.019 0.000 0.001 -0.026 1.000 0.000 -0.002 -0.002 0.000 1.000]]
		[0.5666667 [0.687 0.726 0.018 0.000 -0.727 0.687 0.019 0.000 0.002 -0.026 1.000 0.000 -0.002 -0.002 0.000 1.000]]
		[0.5833333 [0.677 0.736 0.018 0.000 -0.736 0.677 0.019 0.000 0.002 -0.026 1.000 0.000 -0.002 -0.002 0.000 1.000]]
		[0.6 [0.667 0.745 0.019 0.000 -0.745 0.666 0.019 0.000 0.002 -0.026 1.000 0.000 -0.002 -0.002 0.000 1.000]]
		[0.6166667 [0.656 0.755 0.019 0.000 -0.755 0.655 0.019 0.000 0.002 -0.026 1.000 0.000 -0.002 -0.002 0.000 1.000]]
		[0.6333333 [0.644 0.765 0.019 0.000 -0.765 0.644 0.018 0.000 0.002 -0.026 1.000 0.000 -0.002 -0.002 0.000 1.000]]
		[0.65 [0.632 0.774 0.019 0.000 -0.775 0.632 0.018 0.000 0.002 -0.026 1.000 0.000 -0.002 -0.002 0.000 1.000]]
		[0.6666667 [0.620 0.784 0.019 0.000 -0.784 0.620 0.018 0.000 0.002 -0.026 1.000 0.000 -0.002 -0.002 0.000 1.000]]
		[0.6833333 [0.608 0.794 0.020 0.000 -0.794 0.608 0.018 0.000 0.002 -0.026 1.000 0.000 -0.002 -0.002 0.000 1.000]]
		[0.7 [0.596 0.803 0.020 0.000 -0.803 0.595 0.017 0.000 0.002 -0.026 1.000 0.000 -0.002 -0.002 0.000 1.000]]
		[0.7166666 [0.583 0.812 0.020 0.000 -0.812 0.583 0.017 0.000 0.002 -0.026 1.000 0.000 -0.002 -0.002 0.000 1.000]]
		[0.7333333 [0.571 0.821 0.020 0.000 -0.821 0.570 0.017 0.000 0.002 -0.026 1.000 0.000 -0.002 -0.002 0.000 1.000]]
		[0.75 [0.558 0.830 0.021 0.000 -0.830 0.558 0.016 0.000 0.002 -0.026 1.000 0.000 -0.002 -0.002 0.000 1.000]]
		[0.7666667 [0.544 0.839 0.021 0.000 -0.839 0.544 0.016 0.000 0.002 -0.026 1.000 0.000 -0.002 -0.002 0.000 1.000]]
		[0.7833334 [0.529 0.849 0.021 0.000 -0.849 0.528 0.016 0.000 0.002 -0.026 1.000 0.000 -0.002 -0.002 0.000 1.000]]
		[0.8 [0.511 0.859 0.021 0.000 -0.860 0.511 0.015 0.000 0.002 -0.026 1.000 0.000 -0.002 -0.002 0.000 1.000]]
		[0.8166667 [0.492 0.870 0.022 0.000 -0.871 0.492 0.015 0.000 0.002 -0.026 1.000 0.000 -0.002 -0.002 0.000 1.000]]
		[0.8333333 [0.471 0.882 0.022 0.000 -0.882 0.471 0.014 0.000 0.002 -0.026 1.000 0.000 -0.002 -0.002 0.000 1.000]]
		[0.85 [0.450 0.893 0.022 0.000 -0.893 0.449 0.014 0.000 0.002 -0.026 1.000 0.000 -0.002 -0.002 0.000 1.000]]
		[0.8666667 [0.427 0.904 0.023 0.000 -0.904 0.427 0.013 0.000 0.002 -0.026 1.000 0.000 -0.002 -0.002 0.000 1.000]]
		[0.8833333 [0.403 0.915 0.023 0.000 -0.915 0.403 0.013 0.000 0.002 -0.026 1.000 0.000 -0.003 -0.002 0.000 1.000]]
		[0.9 [0.379 0.925 0.023 0.000 -0.925 0.379 0.012 0.000 0.003 -0.026 1.000 0.000 -0.003 -0.001 0.000 1.000]]
		[0.9166667 [0.355 0.935 0.023 0.000 -0.935 0.355 0.012 0.000 0.003 -0.026 1.000 0.000 -0.003 -0.001 0.000 1.000]]
		[0.9333333 [0.331 0.943 0.024 0.000 -0.944 0.331 0.011 0.000 0.003 -0.026 1.000 0.000 -0.003 -0.001 0.000 1.000]]
		[0.95 [0.307 0.951 0.024 0.000 -0.952 0.307 0.011 0.000 0.003 -0.026 1.000 0.000 -0.003 -0.001 0.000 1.000]]
		[0.9666666 [0.284 0.958 0.024 0.000 -0.959 0.284 0.010 0.000 0.003 -0.026 1.000 0.000 -0.003 -0.001 0.000 1.000]]
		[0.9833333 [0.262 0.965 0.024 0.000 -0.965 0.262 0.010 0.000 0.003 -0.026 1.000 0.000 -0.003 -0.001 0.000 1.000]]
	]
	"Koleno_L_end" [
		[0 [0.558 0.830 0.021 0.000 -0.830 0.558 0.016 0.000 0.002 -0.026 1.000 0.000 -0.007 -0.003 0.000 1.000]]
		[0.01666667 [0.569 0.822 0.020 0.000 -0.823 0.568 0.017 0.000 0.002 -0.026 1.000 0.000 -0.007 -0.003 0.000 1.000]]
		[0.03333334 [0.580 0.814 0.020 0.000 -0.815 0.580 0.017 0.000 0.002 -0.026 1.000 0.000 -0.007 -0.003 0.000 1.000]]
		[0.05 [0.592 0.806 0.020 0.000 -0.806 0.592 0.017 0.000 0.002 -0.026 1.000 0.000 -0.007 -0.003 0.000 1.000]]
		[0.06666667 [0.604 0.796 0.020 0.000 -0.797 0.604 0.017 0.000 0.002 -0.026 1.000 0.000 -0.007 -0.003 0.000 1.000]]
		[0.08333334 [0.617 0.787 0.020 0.000 -0.787 0.617 0.018 0.000 0.002 -0.026 1.000 0.000 -0.007 -0.003 0.000 1.000]]
		[0.1 [0.630 0.777 0.019 0.000 -0.777 0.629 0.018 0.000 0.002 -0.026 1.000 0.000 -0.007 -0.003 0.000 1.000]]
		[0.1166667 [0.642 0.766 0.019 0.000 -0.767 0.642 0.018 0.000 0.002 -0.026 1.000 0.000 -0.007 -0.003 0.000 1.000]]
		[0.1333333 [0.655 0.756 0.019 0.000 -0.756 0.654 0.019 0.000 0.002 -0.026 1.000 0.000 -0.006 -0.003 0.000 1.000]]
		[0.15 [0.667 0.745 0.019 0.000 -0.745 0.666 0.019 0.000 0.002 -0.026 1.000 0.000 -0.006 -0.003 0.000 1.000]]
		[0.1666667 [0.678 0.734 0.018 0.000 -0.735 0.678 0.019 0.000 0.002 -0.026 1.000 0.000 -0.006 -0.003 0.000 1.000]]
		[0.1833333 [0.690 0.724 0.018 0.000 -0.724 0.689 0.019 0.000 0.001 -0.026 1.000 0.000 -0.006 -0.003 0.000 1.000]]
		[0.2 [0.700 0.714 0.018 0.000 -0.714 0.700 0.020 0.000 0.001 -0.026 1.000 0.000 -0.006 -0.003 0.000 1.000]]
		[0.2166667 [0.710 0.704 0.018 0.000 -0.704 0.710 0.020 0.000 0.001 -0.026 1.000 0.000 -0.006 -0.003 0.000 1.000]]
		[0.2333333 [0.719 0.695 0.017 0.000 -0.695 0.719 0.020 0.000 0.001 -0.026 1.000 0.000 -0.006 -0.003 0.000 1.000]]
		[0.25 [0.727 0.686 0.017 0.000 -0.686 0.727 0.020 0.000 0.001 -0.026 1.000 0.000 -0.006 -0.003 0.000 1.000]]
		[0.2666667 [0.735 0.678 0.017 0.000 -0.678 0.734 0.020 0.000 0.001 -0.026 1.000 0.000 -0.006 -0.003 0.000 1.000]]
		[0.2833333 [0.741 0.671 0.017 0.000 -0.672 0.741 0.020 0.000 0.001 -0.026 1.000 0.000 -0.006 -0.003 0.000 1.000]]
		[0.3 [0.746 0.666 0.017 0.000 -0.666 0.746 0.021 0.000 0.001 -0.026 1.000 0.000 -0.006 -0.003 0.000 1.000]]
		[0.3166667 [0.750 0.661 0.017 0.000 -0.662 0.750 0.021 0.000 0.001 -0.026 1.000 0.000 -0.006 -0.003 0.000 1.000]]
		[0.3333333 [0.752 0.658 0.017 0.000 -0.659 0.752 0.021 0.000 0.001 -0.026 1.000 0.000 -0.006 -0.003 0.000 1.000]]
		[0.35 [0.754 0.657 0.017 0.000 -0.657 0.753 0.021 0.000 0.001 -0.026 1.000 0.000 -0.006 -0.003 0.000 1.000]]
		[0.3666667 [0.754 0.657 0.017 0.000 -0.657 0.753 0.021 0.000 0.001 -0.026 1.000 0.000 -0.006 -0.004 0.000 1.000]]
		[0.3833333 [0.753 0.658 0.017 0.000 -0.658 0.752 0.021 0.000 0.001 -0.026 1.000 0.000 -0.006 -0.004 0.000 1.000]]
		[0.4 [0.751 0.660 0.017 0.000 -0.661 0.750 0.021 0.000 0.001 -0.026 1.000 0.000 -0.006 -0.004 0.000 1.000]]
		[0.4166667 [0.748 0.664 0.017 0.000 -0.664 0.748 0.021 0.000 0.001 -0.026 1.000 0.000 -0.006 -0.004 0.000 1.000]]
		[0.4333333 [0.744 0.668 0.017 0.000 -0.668 0.744 0.021 0.000 0.001 -0.026 1.000 0.000 -0.006 -0.004 0.000 1.000]]
		[0.45 [0.740 0.673 0.017 0.000 -0.673 0.739 0.020 0.000 0.001 -0.026 1.000 0.000 -0.006 -0.004 0.000 1.000]]
		[0.4666667 [0.734 0.679 0.017 0.000 -0.679 0.734 0.020 0.000 0.001 -0.026 1.000 0.000 -0.006 -0.004 0.000 1.000]]
		[0.4833333 [0.728 0.685 0.017 0.000 -0.686 0.728 0.020 0.000 0.001 -0.026 1.000 0.000 -0.006 -0.004 0.000 1.000]]
		[0.5 [0.721 0.693 0.017 0.000 -0.693 0.721 0.020 0.000 0.001 -0.026 1.000 0.000 -0.006 -0.004 0.000 1.000]]
		[0.5166667 [0.714 0.700 0.018 0.000 -0.701 0.713 0.020 0.000 0.001 -0.026 1.000 0.000 -0.006 -0.004 0.000 1.000]]
		[0.5333334 [0.705 0.709 0.018 0.000 -0.709 0.705 0.020 0.000 0.001 -0.026 1.000 0.000 -0.006 -0.004 0.000 1.000]]
		[0.55 [0.697 0.717 0.018 0.000 -0.718 0.696 0.019 0.000 0.001 -0.026 1.000 0.000 -0.006 -0.004 0.000 1.000]]
		[0.5666667 [0.687 0.726 0.018 0.000 -0.727 0.687 0.019 0.000 0.002 -0.026 1.000 0.000 -0.006 -0.004 0.000 1.000]]
		[0.5833333 [0.677 0.736 0.018 0.000 -0.736 0.677 0.019 0.000 0.002 -0.026 1.000 0.000 -0.006 -0.004 0.000 1.000]]
		[0.6 [0.667 0.745 0.019 0.000 -0.745 0.666 0.019 0.000 0.002 -0.026 1.000 0.000 -0.006 -0.004 0.000 1.000]]
		[0.6166667 [0.656 0.755 0.019 0.000 -0.755 0.655 0.019 0.000 0.002 -0.026 1.000 0.000 -0.007 -0.004 0.000 1.000]]
		[0.6333333 [0.644 0.765 0.019 0.000 -0.765 0.644 0.018 0.000 0.002 -0.026 1.000 0.000 -0.007 -0.004 0.000 1.000]]
		[0.65 [0.632 0.774 0.019 0.000 -0.775 0.632 0.018 0.000 0.002 -0.026 1.000 0.000 -0.007 -0.004 0.000 1.000]]
		[0.6666667 [0.620 0.784 0.019 0.000 -0.784 0.620 0.018 0.000 0.002 -0.026 1.000 0.000 -0.007 -0.004 0.000 1.000]]
		[0.6833333 [0.608 0.794 0.020 0.000 -0.794 0.608 0.018 0.000 0.002 -0.026 1.000 0.000 -0.007 -0.005 0.000 1.000]]
		[0.7 [0.596 0.803 0.020 0.000 -0.803 0.595 0.017 0.000 0.002 -0.026 1.000 0.000 -0.007 -0.005 0.000 1.000]]
		[0.7166666 [0.583 0.812 0.020 0.000 -0.812 0.583 0.017 0.000 0.002 -0.026 1.000 0.000 -0.007 -0.005 0.000 1.000]]
		[0.7333333 [0.571 0.821 0.020 0.000 -0.821 0.570 0.017 0.000 0.002 -0.026 1.000 0.000 -0.007 -0.005 0.000 1.000]]
		[0.75 [0.558 0.830 0.021 0.000 -0.830 0.558 0.016 0.000 0.002 -0.026 1.000 0.000 -0.007 -0.005 0.000 1.000]]
		[0.7666667 [0.544 0.839 0.021 0.000 -0.839 0.544 0.016 0.000 0.002 -0.026 1.000 0.000 -0.007 -0.005 0.000 1.000]]
		[0.7833334 [0.529 0.849 0.021 0.000 -0.849 0.528 0.016 0.000 0.002 -0.026 1.000 0.000 -0.007 -0.005 0.000 1.000]]
		[0.8 [0.511 0.859 0.021 0.000 -0.860 0.511 0.015 0.000 0.002 -0.026 1.000 0.000 -0.007 -0.005 0.000 1.000]]
		[0.8166667 [0.492 0.870 0.022 0.000 -0.871 0.492 0.015 0.000 0.002 -0.026 1.000 0.000 -0.007 -0.005 0.000 1.000]]
		[0.8333333 [0.471 0.882 0.022 0.000 -0.882 0.471 0.014 0.000 0.002 -0.026 1.000 0.000 -0.008 -0.005 0.000 1.000]]
		[0.85 [0.450 0.893 0.022 0.000 -0.893 0.449 0.014 0.000 0.002 -0.026 1.000 0.000 -0.008 -0.005 0.000 1.000]]
		[0.8666667 [0.427 0.904 0.023 0.000 -0.904 0.427 0.013 0.000 0.002 -0.026 1.000 0.000 -0.008 -0.005 0.000 1.000]]
		[0.8833333 [0.403 0.915 0.023 0.000 -0.915 0.403 0.013 0.000 0.002 -0.026 1.000 0.000 -0.008 -0.005 0.000 1.000]]
		[0.9 [0.379 0.925 0.023 0.000 -0.925 0.379 0.012 0.000 0.003 -0.026 1.000 0.000 -0.008 -0.005 0.000 1.000]]
		[0.9166667 [0.355 0.935 0.023 0.000 -0.935 0.355 0.012 0.000 0.003 -0.026 1.000 0.000 -0.008 -0.005 0.000 1.000]]
		[0.9333333 [0.331 0.943 0.024 0.000 -0.944 0.331 0.011 0.000 0.003 -0.026 1.000 0.000 -0.008 -0.005 0.000 1.000]]
		[0.95 [0.307 0.951 0.024 0.000 -0.952 0.307 0.011 0.000 0.003 -0.026 1.000 0.000 -0.008 -0.005 0.000 1.000]]
		[0.9666666 [0.284 0.958 0.024 0.000 -0.959 0.284 0.010 0.000 0.003 -0.026 1.000 0.000 -0.008 -0.005 0.000 1.000]]
		[0.9833333 [0.262 0.965 0.024 0.000 -0.965 0.262 0.010 0.000 0.003 -0.026 1.000 0.000 -0.008 -0.005 0.000 1.000]]
	]
	"Bedro_P" [
		[0 [0.962 0.271 0.005 0.000 -0.272 0.962 0.026 0.000 0.002 -0.027 1.000 0.000 0.000 0.000 0.000 1.000]]
		[0.01666667 [0.961 0.276 0.005 0.000 -0.276 0.961 0.026 0.000 0.002 -0.027 1.000 0.000 0.000 0.000 0.000 1.000]]
		[0.03333334 [0.960 0.280 0.006 0.000 -0.280 0.960 0.026 0.000 0.002 -0.027 1.000 0.000 0.000 0.000 0.000 1.000]]
		[0.05 [0.959 0.285 0.006 0.000 -0.285 0.958 0.026 0.000 0.002 -0.027 1.000 0.000 0.000 0.000 0.000 1.000]]
		[0.06666667 [0.957 0.290 0.006 0.000 -0.290 0.957 0.026 0.000 0.002 -0.027 1.000 0.000 0.000 0.000 0.000 1.000]]
		[0.08333334 [0.956 0.295 0.006 0.000 -0.295 0.955 0.026 0.000 0.002 -0.027 1.000 0.000 0.000 -0.001 0.000 1.000]]
		[0.1 [0.954 0.300 0.006 0.000 -0.300 0.954 0.026 0.000 0.002 -0.027 1.000 0.000 0.000 -0.001 0.000 1.000]]
		[0.1166667 [0.952 0.305 0.006 0.000 -0.305 0.952 0.026 0.000 0.002 -0.027 1.000 0.000 0.000 -0.001 0.000 1.000]]
		[0.1333333 [0.951 0.310 0.006 0.000 -0.310 0.950 0.026 0.000 0.002 -0.027 1.000 0.000 0.000 -0.001 0.000 1.000]]
		[0.15 [0.949 0.315 0.007 0.000 -0.315 0.949 0.026 0.000 0.002 -0.027 1.000 0.000 0.000 -0.001 0.000 1.000]]
		[0.1666667 [0.947 0.320 0.007 0.000 -0.320 0.947 0.026 0.000 0.002 -0.027 1.000 0.000 0.000 -0.001 0.000 1.000]]
		[0.1833333 [0.946 0.325 0.007 0.000 -0.325 0.945 0.026 0.000 0.002 -0.027 1.000 0.000 0.000 -0.001 0.000 1.000]]
		[0.2 [0.944 0.330 0.007 0.000 -0.330 0.944 0.026 0.000 0.002 -0.027 1.000 0.000 0.000 -0.001 0.000 1.000]]
		[0.2166667 [0.942 0.334 0.007 0.000 -0.334 0.942 0.026 0.000 0.002 -0.027 1.000 0.000 0.000 -0.001 0.000 1.000]]
		[0.2333333 [0.941 0.338 0.007 0.000 -0.338 0.941 0.026 0.000 0.002 -0.027 1.000 0.000 0.000 -0.001 0.000 1.000]]
		[0.25 [0.940 0.342 0.007 0.000 -0.342 0.939 0.026 0.000 0.002 -0.027 1.000 0.000 0.000 -0.002 0.000 1.000]]
		[0.2666667 [0.938 0.345 0.007 0.000 -0.346 0.938 0.026 0.000 0.002 -0.027 1.000 0.000 0.000 -0.002 0.000 1.000]]
		[0.2833333 [0.937 0.348 0.007 0.000 -0.348 0.937 0.026 0.000 0.002 -0.027 1.000 0.000 0.000 -0.002 0.000 1.000]]
		[0.3 [0.936 0.351 0.008 0.000 -0.351 0.936 0.026 0.000 0.002 -0.027 1.000 0.000 0.000 -0.002 0.000 1.000]]
		[0.3166667 [0.936 0.352 0.008 0.000 -0.353 0.935 0.026 0.000 0.002 -0.027 1.000 0.000 0.000 -0.002 0.000 1.000]]
		[0.3333333 [0.935 0.354 0.008 0.000 -0.354 0.935 0.026 0.000 0.002 -0.027 1.000 0.000 0.000 -0.002 0.000 1.000]]
		[0.35 [0.935 0.354 0.008 0.000 -0.354 0.935 0.026 0.000 0.002 -0.027 1.000 0.000 0.000 -0.002 0.000 1.000]]
		[0.3666667 [0.935 0.354 0.008 0.000 -0.354 0.935 0.026 0.000 0.002 -0.027 1.000 0.000 0.000 -0.002 0.000 1.000]]
		[0.3833333 [0.935 0.354 0.008 0.000 -0.354 0.935 0.026 0.000 0.002 -0.027 1.000 0.000 0.000 -0.002 0.000 1.000]]
		[0.4 [0.936 0.353 0.008 0.000 -0.353 0.935 0.026 0.000 0.002 -0.027 1.000 0.000 0.000 -0.002 0.000 1.000]]
		[0.4166667 [0.936 0.351 0.008 0.000 -0.351 0.936 0.026 0.000 0.002 -0.027 1.000 0.000 0.000 -0.002 0.000 1.000]]
		[0.4333333 [0.937 0.349 0.007 0.000 -0.349 0.937 0.026 0.000 0.002 -0.027 1.000 0.000 0.000 -0.002 0.000 1.000]]
		[0.45 [0.938 0.346 0.007 0.000 -0.346 0.938 0.026 0.000 0.002 -0.027 1.000 0.000 0.000 -0.002 0.000 1.000]]
		[0.4666667 [0.939 0.343 0.007 0.000 -0.344 0.939 0.026 0.000 0.002 -0.027 1.000 0.000 0.000 -0.002 0.000 1.000]]
		[0.4833333 [0.940 0.340 0.007 0.000 -0.340 0.940 0.026 0.000 0.002 -0.027 1.000 0.000 0.000 -0.002 0.000 1.000]]
		[0.5 [0.942 0.337 0.007 0.000 -0.337 0.941 0.026 0.000 0.002 -0.027 1.000 0.000 0.000 -0.002 0.000 1.000]]
		[0.5166667 [0.943 0.333 0.007 0.000 -0.333 0.943 0.026 0.000 0.002 -0.027 1.000 0.000 0.000 -0.002 0.000 1.000]]
		[0.5333334 [0.944 0.329 0.007 0.000 -0.329 0.944 0.026 0.000 0.002 -0.027 1.000 0.000 0.000 -0.002 0.000 1.000]]
		[0.55 [0.946 0.325 0.007 0.000 -0.325 0.945 0.026 0.000 0.002 -0.027 1.000 0.000 0.000 -0.002 0.000 1.000]]
		[0.5666667 [0.947 0.320 0.007 0.000 -0.320 0.947 0.026 0.000 0.002 -0.027 1.000 0.000 0.000 -0.002 0.000 1.000]]
		[0.5833333 [0.949 0.316 0.007 0.000 -0.316 0.948 0.026 0.000 0.002 -0.027 1.000 0.000 0.000 -0.002 0.000 1.000]]
		[0.6 [0.950 0.311 0.006 0.000 -0.311 0.950 0.026 0.000 0.002 -0.027 1.000 0.000 0.000 -0.002 0.000 1.000]]
		[0.6166667 [0.952 0.306 0.006 0.000 -0.306 0.952 0.026 0.000 0.002 -0.027 1.000 0.000 0.000 -0.002 0.000 1.000]]
		[0.6333333 [0.953 0.302 0.006 0.000 -0.302 0.953 0.026 0.000 0.002 -0.027 1.000 0.000 0.000 -0.002 0.000 1.000]]
		[0.65 [0.955 0.297 0.006 0.000 -0.297 0.955 0.026 0.000 0.002 -0.027 1.000 0.000 0.000 -0.002 0.000 1.000]]
		[0.6666667 [0.956 0.292 0.006 0.000 -0.292 0.956 0.026 0.000 0.002 -0.027 1.000 0.000 0.000 -0.002 0.000 1.000]]
		[0.6833333 [0.958 0.288 0.006 0.000 -0.288 0.957 0.026 0.000 0.002 -0.027 1.000 0.000 0.000 -0.002 0.000 1.000]]
		[0.7 [0.959 0.283 0.006 0.000 -0.284 0.959 0.026 0.000 0.002 -0.027 1.000 0.000 0.000 -0.002 0.000 1.000]]
		[0.7166666 [0.960 0.279 0.006 0.000 -0.279 0.960 0.026 0.000 0.002 -0.027 1.000 0.000 0.000 -0.002 0.000 1.000]]
		[0.7333333 [0.961 0.275 0.005 0.000 -0.275 0.961 0.026 0.000 0.002 -0.027 1.000 0.000 0.000 -0.002 0.000 1.000]]
		[0.75 [0.962 0.271 0.005 0.000 -0.272 0.962 0.026 0.000 0.002 -0.027 1.000 0.000 0.000 -0.002 0.000 1.000]]
		[0.7666667 [0.963 0.268 0.005 0.000 -0.268 0.963 0.026 0.000 0.002 -0.027 1.000 0.000 0.000 -0.002 0.000 1.000]]
		[0.7833334 [0.965 0.264 0.005 0.000 -0.264 0.964 0.026 0.000 0.002 -0.027 1.000 0.000 0.000 -0.002 0.000 1.000]]
		[0.8 [0.966 0.259 0.005 0.000 -0.259 0.965 0.026 0.000 0.002 -0.027 1.000 0.000 0.000 -0.002 0.000 1.000]]
		[0.8166667 [0.967 0.255 0.005 0.000 -0.255 0.967 0.026 0.000 0.002 -0.027 1.000 0.000 0.000 -0.002 0.000 1.000]]
		[0.8333333 [0.968 0.250 0.005 0.000 -0.250 0.968 0.026 0.000 0.002 -0.027 1.000 0.000 0.000 -0.002 0.000 1.000]]
		[0.85 [0.970 0.245 0.005 0.000 -0.245 0.969 0.026 0.000 0.002 -0.027 1.000 0.000 0.000 -0.002 0.000 1.000]]
		[0.8666667 [0.971 0.240 0.004 0.000 -0.240 0.970 0.027 0.000 0.002 -0.027 1.000 0.000 0.000 -0.001 0.000 1.000]]
		[0.8833333 [0.972 0.235 0.004 0.000 -0.235 0.972 0.027 0.000 0.002 -0.027 1.000 0.000 0.000 -0.001 0.000 1.000]]
		[0.9 [0.973 0.230 0.004 0.000 -0.230 0.973 0.027 0.000 0.002 -0.027 1.000 0.000 0.000 -0.001 0.000 1.000]]
		[0.9166667 [0.974 0.225 0.004 0.000 -0.225 0.974 0.027 0.000 0.002 -0.027 1.000 0.000 0.000 -0.001 0.000 1.000]]
		[0.9333333 [0.975 0.220 0.004 0.000 -0.220 0.975 0.027 0.000 0.002 -0.027 1.000 0.000 0.000 -0.001 0.000 1.000]]
		[0.95 [0.977 0.215 0.004 0.000 -0.215 0.976 0.027 0.000 0.002 -0.027 1.000 0.000 0.000 -0.001 0.000 1.000]]
		[0.9666666 [0.977 0.211 0.004 0.000 -0.211 0.977 0.027 0.000 0.002 -0.027 1.000 0.000 0.000 -0.001 0.000 1.000]]
		[0.9833333 [0.978 0.207 0.004 0.000 -0.207 0.978 0.027 0.000 0.002 -0.027 1.000 0.000 0.000 -0.001 0.000 1.000]]
	]
	"Koleno_P" [
		[0 [0.406 0.914 -0.014 0.000 -0.914 0.406 -0.007 0.000 -0.001 0.016 1.000 0.000 0.001 0.000 0.000 1.000]]
		[0.01666667 [0.410 0.912 -0.014 0.000 -0.912 0.410 -0.007 0.000 -0.001 0.016 1.000 0.000 0.001 -0.001 0.000 1.000]]
		[0.03333334 [0.414 0.910 -0.014 0.000 -0.910 0.414 -0.007 0.000 -0.001 0.016 1.000 0.000 0.001 -0.001 0.000 1.000]]
		[0.05 [0.418 0.908 -0.014 0.000 -0.908 0.418 -0.007 0.000 -0.001 0.016 1.000 0.000 0.001 -0.001 0.000 1.000]]
		[0.06666667 [0.423 0.906 -0.014 0.000 -0.906 0.423 -0.007 0.000 -0.001 0.016 1.000 0.000 0.001 -0.001 0.000 1.000]]
		[0.08333334 [0.428 0.904 -0.014 0.000 -0.904 0.428 -0.008 0.000 -0.001 0.016 1.000 0.000 0.001 -0.001 0.000 1.000]]
		[0.1 [0.433 0.901 -0.014 0.000 -0.902 0.433 -0.008 0.000 -0.001 0.016 1.000 0.000 0.002 -0.001 0.000 1.000]]
		[0.1166667 [0.438 0.899 -0.014 0.000 -0.899 0.437 -0.008 0.000 -0.001 0.016 1.000 0.000 0.002 -0.001 0.000 1.000]]
		[0.1333333 [0.442 0.897 -0.014 0.000 -0.897 0.442 -0.008 0.000 -0.001 0.016 1.000 0.000 0.002 -0.001 0.000 1.000]]
		[0.15 [0.447 0.894 -0.013 0.000 -0.894 0.447 -0.008 0.000 -0.001 0.016 1.000 0.000 0.002 -0.001 0.000 1.000]]
		[0.1666667 [0.452 0.892 -0.013 0.000 -0.892 0.452 -0.008 0.000 -0.001 0.016 1.000 0.000 0.002 -0.002 0.000 1.000]]
		[0.1833333 [0.457 0.890 -0.013 0.000 -0.890 0.456 -0.008 0.000 -0.001 0.016 1.000 0.000 0.002 -0.002 0.000 1.000]]
		[0.2 [0.461 0.887 -0.013 0.000 -0.887 0.461 -0.008 0.000 -0.001 0.016 1.000 0.000 0.002 -0.002 0.000 1.000]]
		[0.2166667 [0.465 0.885 -0.013 0.000 -0.885 0.465 -0.008 0.000 -0.001 0.016 1.000 0.000 0.002 -0.002 0.000 1.000]]
		[0.2333333 [0.469 0.883 -0.013 0.000 -0.883 0.469 -0.008 0.000 -0.001 0.016 1.000 0.000 0.002 -0.002 0.000 1.000]]
		[0.25 [0.472 0.881 -0.013 0.000 -0.881 0.472 -0.008 0.000 -0.001 0.016 1.000 0.000 0.002 -0.002 0.000 1.000]]
		[0.2666667 [0.475 0.880 -0.013 0.000 -0.880 0.475 -0.008 0.000 -0.001 0.016 1.000 0.000 0.002 -0.002 0.000 1.000]]
		[0.2833333 [0.478 0.878 -0.013 0.000 -0.878 0.478 -0.008 0.000 -0.001 0.016 1.000 0.000 0.002 -0.002 0.000 1.000]]
		[0.3 [0.480 0.877 -0.013 0.000 -0.877 0.480 -0.008 0.000 -0.001 0.016 1.000 0.000 0.002 -0.002 0.000 1.000]]
		[0.3166667 [0.482 0.876 -0.013 0.000 -0.876 0.482 -0.008 0.000 -0.001 0.016 1.000 0.000 0.002 -0.002 0.000 1.000]]
		[0.3333333 [0.483 0.875 -0.013 0.000 -0.876 0.483 -0.008 0.000 -0.001 0.016 1.000 0.000 0.002 -0.003 0.000 1.000]]
		[0.35 [0.484 0.875 -0.013 0.000 -0.875 0.484 -0.008 0.000 -0.001 0.016 1.000 0.000 0.002 -0.003 0.000 1.000]]
		[0.3666667 [0.484 0.875 -0.013 0.000 -0.875 0.484 -0.008 0.000 -0.001 0.016 1.000 0.000 0.002 -0.003 0.000 1.000]]
		[0.3833333 [0.484 0.875 -0.013 0.000 -0.875 0.484 -0.008 0.000 -0.001 0.016 1.000 0.000 0.002 -0.003 0.000 1.000]]
		[0.4 [0.483 0.875 -0.013 0.000 -0.876 0.483 -0.008 0.000 -0.001 0.016 1.000 0.000 0.002 -0.003 0.000 1.000]]
		[0.4166667 [0.482 0.876 -0.013 0.000 -0.876 0.482 -0.008 0.000 -0.001 0.016 1.000 0.000 0.002 -0.003 0.000 1.000]]
		[0.4333333 [0.481 0.876 -0.013 0.000 -0.876 0.481 -0.008 0.000 -0.001 0.016 1.000 0.000 0.002 -0.003 0.000 1.000]]
		[0.45 [0.480 0.877 -0.013 0.000 -0.877 0.480 -0.008 0.000 -0.001 0.016 1.000 0.000 0.002 -0.003 0.000 1.000]]
		[0.4666667 [0.479 0.878 -0.013 0.000 -0.878 0.478 -0.008 0.000 -0.001 0.016 1.000 0.000 0.002 -0.003 0.000 1.000]]
		[0.4833333 [0.477 0.879 -0.013 0.000 -0.879 0.477 -0.008 0.000 -0.001 0.016 1.000 0.000 0.002 -0.003 0.000 1.000]]
		[0.5 [0.474 0.880 -0.013 0.000 -0.880 0.474 -0.008 0.000 -0.001 0.016 1.000 0.000 0.002 -0.003 0.000 1.000]]
		[0.5166667 [0.472 0.881 -0.013 0.000 -0.882 0.472 -0.008 0.000 -0.001 0.016 1.000 0.000 0.002 -0.003 0.000 1.000]]
		[0.5333334 [0.469 0.883 -0.013 0.000 -0.883 0.469 -0.008 0.000 -0.001 0.016 1.000 0.000 0.002 -0.003 0.000 1.000]]
		[0.55 [0.466 0.885 -0.013 0.000 -0.885 0.466 -0.008 0.000 -0.001 0.016 1.000 0.000 0.002 -0.003 0.000 1.000]]
		[0.5666667 [0.463 0.886 -0.013 0.000 -0.886 0.463 -0.008 0.000 -0.001 0.016 1.000 0.000 0.001 -0.003 0.000 1.000]]
		[0.5833333 [0.459 0.888 -0.013 0.000 -0.888 0.459 -0.008 0.000 -0.001 0.016 1.000 0.000 0.001 -0.003 0.000 1.000]]
		[0.6 [0.455 0.890 -0.013 0.000 -0.890 0.455 -0.008 0.000 -0.001 0.016 1.000 0.000 0.001 -0.003 0.000 1.000]]
		[0.6166667 [0.451 0.892 -0.013 0.000 -0.893 0.451 -0.008 0.000 -0.001 0.016 1.000 0.000 0.001 -0.003 0.000 1.000]]
		[0.6333333 [0.446 0.895 -0.013 0.000 -0.895 0.446 -0.008 0.000 -0.001 0.016 1.000 0.000 0.001 -0.003 0.000 1.000]]
		[0.65 [0.442 0.897 -0.014 0.000 -0.897 0.442 -0.008 0.000 -0.001 0.016 1.000 0.000 0.001 -0.003 0.000 1.000]]
		[0.6666667 [0.436 0.900 -0.014 0.000 -0.900 0.436 -0.008 0.000 -0.001 0.016 1.000 0.000 0.001 -0.003 0.000 1.000]]
		[0.6833333 [0.431 0.902 -0.014 0.000 -0.902 0.431 -0.008 0.000 -0.001 0.016 1.000 0.000 0.001 -0.003 0.000 1.000]]
		[0.7 [0.425 0.905 -0.014 0.000 -0.905 0.425 -0.007 0.000 -0.001 0.016 1.000 0.000 0.001 -0.003 0.000 1.000]]
		[0.7166666 [0.419 0.908 -0.014 0.000 -0.908 0.419 -0.007 0.000 -0.001 0.016 1.000 0.000 0.001 -0.002 0.000 1.000]]
		[0.7333333 [0.413 0.911 -0.014 0.000 -0.911 0.412 -0.007 0.000 -0.001 0.016 1.000 0.000 0.001 -0.002 0.000 1.000]]
		[0.75 [0.406 0.914 -0.014 0.000 -0.914 0.406 -0.007 0.000 -0.001 0.016 1.000 0.000 0.001 -0.002 0.000 1.000]]
		[0.7666667 [0.398 0.917 -0.014 0.000 -0.917 0.398 -0.007 0.000 -0.001 0.016 1.000 0.000 0.001 -0.002 0.000 1.000]]
		[0.7833334 [0.389 0.921 -0.014 0.000 -0.921 0.389 -0.007 0.000 -0.001 0.016 1.000 0.000 0.001 -0.002 0.000 1.000]]
		[0.8 [0.378 0.926 -0.014 0.000 -0.926 0.378 -0.007 0.000 -0.001 0.016 1.000 0.000 0.001 -0.002 0.000 1.000]]
		[0.8166667 [0.366 0.930 -0.014 0.000 -0.930 0.366 -0.007 0.000 -0.001 0.016 1.000 0.000 0.001 -0.002 0.000 1.000]]
